1000 5000 50
10 0.1 50
20 0.1 50
30 0.1 50
40 0.1 50
50 0.1 50
60 0.1 50
70 0.1 50
80 0.1 50
90 0.1 50
100 0.1 50
110 0.1 50
120 0.1 50
130 0.1 50
140 0.1 50
150 0.1 50
160 0.1 50
170 0.1 50
180 0.1 50
190 0.1 50
200 0.1 50
210 0.1 50
220 0.1 50
230 0.1 50
240 0.1 50
250 0.1 50
260 0.1 50
270 0.1 50
280 0.1 50
290 0.1 50
300 0.1 50
310 0.1 50
320 0.1 50
330 0.1 50
340 0.1 50
350 0.1 50
360 0.1 50
370 0.1 50
380 0.1 50
390 0.1 50
400 0.1 50
410 0.1 50
420 0.1 50
430 0.1 50
440 0.1 50
450 0.1 50
460 0.1 50
470 0.1 50
480 0.1 50
490 0.1 50
500 0.1 50
