4999 5000 50
4949 0.999999 1000
4950 0.999999 1000
4951 0.999999 1000
4952 0.999999 1000
4953 0.999999 1000
4954 0.999999 1000
4955 0.999999 1000
4956 0.999999 1000
4957 0.999999 1000
4958 0.999999 1000
4959 0.999999 1000
4960 0.999999 1000
4961 0.999999 1000
4962 0.999999 1000
4963 0.999999 1000
4964 0.999999 1000
4965 0.999999 1000
4966 0.999999 1000
4967 0.999999 1000
4968 0.999999 1000
4969 0.999999 1000
4970 0.999999 1000
4971 0.999999 1000
4972 0.999999 1000
4973 0.999999 1000
4974 0.999999 1000
4975 0.999999 1000
4976 0.999999 1000
4977 0.999999 1000
4978 0.999999 1000
4979 0.999999 1000
4980 0.999999 1000
4981 0.999999 1000
4982 0.999999 1000
4983 0.999999 1000
4984 0.999999 1000
4985 0.999999 1000
4986 0.999999 1000
4987 0.999999 1000
4988 0.999999 1000
4989 0.999999 1000
4990 0.999999 1000
4991 0.999999 1000
4992 0.999999 1000
4993 0.999999 1000
4994 0.999999 1000
4995 0.999999 1000
4996 0.999999 1000
4997 0.999999 1000
4998 0.999999 1000
