1000 1709 50
1 0.913643 925
69 0.986134 468
82 0.996249 702
90 0.967857 591
124 0.962833 544
162 0.998295 204
188 0.962154 373
200 0.932458 730
229 0.896090 31
235 0.954843 492
238 0.998385 648
242 0.998281 474
265 0.993547 807
311 0.971098 224
315 0.877485 868
346 0.975267 974
357 0.992854 929
399 0.957235 262
433 0.987073 500
442 0.917640 923
445 0.931301 776
469 0.957975 891
470 0.978976 268
471 0.956287 515
497 0.992688 771
549 0.993311 156
581 0.986745 938
595 0.970346 868
599 0.898948 253
609 0.965831 146
614 0.951367 977
617 0.979999 48
623 0.984489 812
703 0.957095 820
728 0.907431 504
757 0.944881 411
762 0.932149 125
767 0.876698 714
784 0.932821 487
792 0.979688 657
798 0.945718 737
824 0.999023 255
846 0.984816 427
893 0.998743 683
900 0.984442 163
932 0.982179 557
948 0.950543 307
950 0.954545 54
966 0.974028 60
976 0.943326 468
