1000 1179 50
24 0.924345 15
29 0.963192 973
36 0.912237 90
37 0.977585 483
53 0.875720 272
55 0.960080 228
64 0.993573 462
77 0.847625 592
114 0.929673 936
133 0.994313 94
161 0.981627 708
192 0.816926 973
196 0.984455 437
229 0.876882 555
240 0.943827 21
247 0.874104 536
269 0.832247 321
367 0.946741 268
369 0.987496 405
414 0.995499 12
451 0.903645 975
456 0.965921 455
461 0.950251 920
515 0.997140 338
516 0.955657 411
519 0.941407 548
548 0.961782 440
587 0.850688 41
592 0.884697 337
604 0.980416 370
638 0.984220 80
640 0.928142 271
658 0.958958 492
690 0.964654 387
701 0.805173 137
705 0.910440 539
712 0.900298 569
723 0.986628 285
726 0.896551 922
745 0.997082 639
769 0.977689 475
772 0.995672 458
792 0.798289 569
801 0.919060 116
847 0.837236 716
917 0.983364 217
947 0.910127 953
950 0.958792 942
976 0.969352 797
998 0.927513 359
