1000 1760 50
43 0.868178 529
60 0.855009 259
61 0.959906 415
76 0.895504 474
89 0.983560 204
102 0.903786 748
124 0.806462 578
169 0.838187 992
172 0.991525 220
186 0.912961 853
247 0.919001 271
281 0.747256 745
283 0.962755 526
299 0.906443 97
306 0.990103 435
333 0.888657 464
361 0.902936 881
418 0.998920 964
425 0.873467 930
430 0.941570 122
437 0.726040 258
461 0.867924 152
473 0.817237 34
499 0.573795 758
514 0.761108 676
592 0.907429 178
613 0.919544 826
621 0.757365 774
645 0.822595 638
685 0.747375 210
707 0.980201 74
733 0.982432 117
775 0.829532 888
791 0.872919 329
811 0.936113 913
817 0.971553 279
820 0.972045 296
822 0.990338 312
856 0.844963 295
858 0.936635 646
867 0.944161 335
868 0.928342 72
869 0.954063 284
921 0.938850 795
942 0.883366 854
945 0.882106 756
955 0.868118 498
970 0.994357 362
979 0.757591 77
989 0.929695 11
