1000 1189 50
4 0.960235 39
9 0.866853 821
11 0.963210 567
16 0.949780 211
27 0.983241 626
38 0.860834 214
46 0.805375 37
118 0.835207 194
167 0.962732 983
175 0.797686 971
180 0.842295 945
228 0.964657 614
312 0.857464 686
325 0.829689 981
336 0.901295 613
428 0.925501 721
431 0.918260 695
454 0.811079 725
477 0.741900 994
549 0.888338 45
563 0.894288 76
584 0.931859 918
586 0.915168 87
598 0.987997 155
603 0.865540 755
662 0.953975 265
680 0.755442 69
691 0.828430 536
712 0.989458 822
715 0.803449 374
735 0.958384 106
737 0.974419 236
742 0.795774 526
746 0.839830 829
761 0.936126 296
767 0.810704 634
773 0.956410 295
799 0.820813 796
807 0.819558 785
811 0.984466 473
812 0.776592 189
814 0.974582 772
825 0.969804 164
878 0.982589 343
882 0.594692 596
897 0.795571 775
903 0.940039 53
936 0.929366 745
937 0.931470 696
952 0.866438 755
