1000 1273 50
5 0.941876 621
41 0.773618 848
46 0.680293 359
54 0.775211 467
62 0.894688 982
66 0.923783 264
78 0.631584 996
102 0.980772 811
184 0.928875 284
189 0.868241 422
193 0.870819 793
205 0.955414 602
229 0.677602 425
245 0.671732 715
297 0.778648 809
316 0.714356 894
330 0.781926 103
341 0.986798 350
363 0.852692 778
369 0.860322 489
371 0.555723 672
386 0.929886 945
390 0.941857 512
393 0.984284 274
463 0.650069 78
484 0.759277 843
485 0.916232 163
502 0.659825 805
582 0.702888 116
588 0.939850 524
590 0.940453 128
604 0.814489 225
609 0.620790 662
612 0.901171 329
628 0.831640 945
629 0.836543 526
661 0.871610 656
705 0.771208 731
730 0.920746 602
757 0.933813 603
763 0.810043 170
778 0.747516 548
780 0.767342 489
785 0.686986 735
830 0.851447 960
838 0.917707 653
847 0.614784 667
873 0.934544 217
910 0.968376 606
940 0.819449 943
