1000 1269 50
27 0.925385 210
52 0.567779 487
94 0.650736 6
96 0.871758 550
112 0.926139 624
144 0.572889 927
189 0.574125 828
191 0.936529 802
204 0.772791 234
228 0.766516 319
239 0.700061 984
250 0.969397 978
254 0.920815 647
277 0.585120 677
280 0.788429 327
289 0.732315 758
349 0.914122 710
378 0.837756 574
429 0.952911 496
448 0.868460 113
471 0.521220 306
481 0.862370 454
503 0.907884 254
517 0.990475 189
553 0.838328 897
597 0.974346 320
601 0.986492 518
604 0.994827 836
607 0.882419 731
614 0.886243 853
628 0.745692 748
652 0.964871 902
661 0.985198 158
662 0.803395 776
699 0.855556 275
710 0.775810 995
734 0.905189 812
739 0.853206 622
748 0.688465 792
768 0.652242 123
813 0.809478 881
842 0.782688 915
845 0.628247 483
881 0.675997 812
891 0.667207 343
898 0.810815 391
925 0.962242 907
937 0.858796 115
953 0.946663 48
997 0.858559 380
