1000 1115 50
2 0.891695 388
6 0.845495 257
23 0.841040 931
32 0.689034 117
40 0.406870 8
47 0.726327 15
65 0.929663 461
75 0.901051 626
90 0.965613 210
111 0.738479 384
134 0.990754 203
141 0.550894 883
148 0.580426 592
154 0.839875 402
164 0.997541 48
219 0.924656 831
223 0.671663 98
247 0.898129 856
364 0.676837 891
371 0.814633 41
407 0.851909 165
456 0.814938 314
472 0.823270 390
473 0.728095 958
481 0.742765 375
521 0.739481 266
525 0.881031 710
545 0.926595 338
557 0.997366 675
615 0.971443 674
622 0.827640 527
668 0.904813 73
709 0.909101 13
711 0.861938 376
732 0.992337 686
740 0.980300 24
771 0.629837 7
776 0.935065 334
784 0.659323 626
790 0.945490 316
801 0.955465 194
817 0.606299 896
830 0.832353 803
834 0.715450 618
891 0.753770 963
902 0.966631 988
918 0.572296 945
928 0.926943 85
930 0.825982 757
992 0.709434 499
