1000 1133 50
31 0.889991 402
35 0.858593 179
59 0.885215 458
66 0.712696 186
90 0.996291 24
111 0.867936 788
117 0.556696 730
118 0.853426 880
121 0.883417 922
124 0.994476 934
188 0.927108 236
194 0.532169 74
209 0.972487 719
258 0.955441 672
345 0.843973 661
356 0.844194 38
368 0.871421 496
406 0.657396 274
418 0.689650 667
463 0.872087 185
470 0.932520 823
481 0.624863 531
496 0.765307 430
498 0.518527 508
500 0.865129 147
503 0.874321 500
515 0.681752 197
547 0.631685 935
551 0.979675 971
594 0.848104 339
598 0.716585 320
603 0.923797 212
624 0.850802 586
625 0.844583 322
632 0.854911 399
655 0.680184 137
658 0.949987 984
673 0.854962 309
707 0.974851 422
713 0.680258 143
717 0.792580 756
746 0.783732 963
750 0.915963 439
865 0.886241 18
888 0.822910 584
903 0.737983 77
915 0.846439 329
938 0.897903 961
991 0.538880 172
993 0.990615 132
