1000 1165 50
24 0.858397 928
32 0.897728 895
71 0.790663 160
92 0.783188 569
96 0.926280 453
102 0.978669 415
128 0.908993 464
146 0.696353 588
152 0.693284 64
161 0.894361 986
243 0.748009 218
255 0.556106 524
267 0.731866 720
271 0.859957 474
278 0.776292 506
340 0.668392 456
360 0.720153 477
362 0.473423 340
365 0.999265 392
373 0.849874 114
398 0.979516 877
417 0.710881 9
435 0.964689 278
486 0.982338 643
487 0.891151 359
490 0.573641 229
502 0.372277 664
527 0.960729 532
528 0.824529 416
548 0.895121 689
610 0.851122 913
674 0.871241 429
683 0.976581 505
687 0.984250 991
700 0.941294 300
753 0.703002 200
791 0.663552 370
804 0.970303 85
861 0.662121 854
863 0.731156 619
874 0.924382 251
889 0.903939 257
891 0.991290 105
946 0.764839 854
958 0.961613 279
970 0.663845 176
972 0.887132 537
980 0.808404 761
982 0.868526 156
984 0.626866 677
