1000 1057 50
2 0.722977 79
6 0.932516 213
26 0.932886 98
53 0.985445 323
55 0.948118 928
84 0.750344 589
118 0.772432 690
120 0.880179 316
145 0.995031 603
154 0.906651 911
158 0.897185 489
176 0.876862 728
197 0.798649 627
206 0.947451 520
207 0.563645 922
209 0.532721 528
217 0.961039 192
231 0.822939 840
246 0.773767 899
259 0.500754 458
279 0.903784 63
290 0.955395 871
322 0.985588 654
411 0.856464 348
416 0.743875 484
488 0.986226 652
528 0.814447 183
595 0.887147 356
621 0.806115 109
674 0.967248 332
676 0.520566 920
695 0.649584 39
710 0.983863 43
722 0.905437 651
727 0.976025 462
729 0.688982 540
747 0.611838 782
767 0.950079 515
777 0.913384 394
800 0.855844 355
837 0.652947 157
842 0.956000 303
862 0.949876 528
917 0.637363 616
928 0.838657 859
935 0.751856 79
949 0.908636 485
960 0.665078 633
982 0.981313 490
983 0.725576 130
