1000 1113 50
36 0.679683 707
64 0.976418 303
77 0.574231 364
78 0.638041 320
89 0.633341 732
127 0.952001 225
154 0.831797 884
221 0.686424 791
237 0.877014 526
238 0.985899 484
260 0.722870 66
303 0.729123 21
333 0.943750 563
338 0.925235 404
348 0.959381 653
359 0.953062 136
362 0.989969 791
369 0.632633 598
423 0.708576 724
443 0.984692 341
451 0.503417 889
474 0.728887 489
517 0.612651 903
537 0.853125 187
549 0.598637 635
557 0.936691 172
568 0.962389 49
574 0.880614 965
581 0.956429 771
582 0.620726 637
592 0.789256 755
646 0.918012 576
682 0.732947 856
746 0.854586 588
774 0.948064 666
792 0.769891 558
825 0.748837 376
845 0.987015 205
857 0.856545 778
867 0.825027 348
894 0.638032 215
903 0.752023 4
908 0.698304 762
926 0.907637 659
962 0.709629 91
963 0.900771 252
973 0.670269 283
979 0.923694 278
982 0.985468 750
986 0.816681 612
