1000 1713 50
43 0.729348 978
60 0.781048 724
82 0.977256 399
83 0.956197 477
107 0.865348 645
147 0.979320 469
178 0.758503 448
185 0.803502 69
196 0.689054 79
197 0.712392 555
215 0.648804 347
231 0.852684 727
242 0.970808 586
246 0.844024 70
250 0.864550 771
269 0.907922 315
319 0.633236 825
325 0.939559 409
327 0.825628 869
359 0.912957 873
371 0.944771 335
379 0.944801 54
402 0.745577 315
443 0.595015 522
451 0.961170 880
455 0.693997 778
474 0.676702 499
491 0.621619 252
505 0.615006 36
594 0.810216 900
608 0.709240 984
612 0.573681 475
656 0.842567 539
658 0.437058 449
673 0.864003 797
681 0.908258 608
694 0.564506 432
695 0.790853 750
700 0.863501 260
730 0.577783 409
736 0.242746 660
763 0.606607 83
796 0.932767 467
801 0.797704 278
836 0.962350 609
891 0.544708 881
931 0.812293 279
939 0.967421 430
961 0.677020 384
971 0.998307 553
