500 5000 50
5 0.240090 25
8 0.235022 59
20 0.301596 72
32 0.298974 212
36 0.171577 113
46 0.823597 94
53 0.957737 127
64 0.476064 136
65 0.933173 83
73 0.404648 103
74 0.660559 175
78 0.980330 4
90 0.287515 5
95 0.426495 78
108 0.348586 2
121 0.531169 38
127 0.236371 44
129 0.415796 200
134 0.671810 33
154 0.930670 116
163 0.963439 188
164 0.372128 258
177 0.719827 70
186 0.961409 49
189 0.803127 74
201 0.505320 82
221 0.609832 4
254 0.391031 114
268 0.524628 19
275 0.463805 254
278 0.559070 81
284 0.266019 3
288 0.366565 168
303 0.593712 130
314 0.427126 31
366 0.366404 31
372 0.872745 15
377 0.811347 42
390 0.572336 124
394 0.152279 29
405 0.062839 103
407 0.019456 99
415 0.524707 41
417 0.433270 190
423 0.732248 131
449 0.739815 85
450 0.475720 21
468 0.116534 92
489 0.216199 169
497 0.778858 18
