500 5000 50
25 0.764372 43
35 0.068999 66
46 0.375206 61
50 0.192428 53
52 0.447029 38
54 0.079164 16
60 0.979855 176
68 0.810525 217
70 0.285518 38
87 0.485910 165
99 0.441317 4
126 0.968197 90
127 0.226972 4
138 0.340819 256
157 0.271370 67
161 0.833288 60
164 0.012483 48
174 0.988809 94
193 0.299714 145
194 0.287344 203
195 0.479678 50
198 0.974034 26
202 0.244410 253
206 0.932027 20
214 0.792430 25
220 0.625842 3
228 0.404929 113
232 0.009366 78
238 0.694954 113
250 0.401598 109
275 0.593313 3
278 0.211616 141
289 0.546839 54
295 0.040136 104
310 0.946742 7
328 0.449808 143
347 0.743053 102
354 0.391482 120
381 0.671647 10
384 0.040628 43
385 0.196427 128
396 0.219513 31
398 0.471143 154
401 0.356018 87
409 0.359031 52
413 0.632826 82
438 0.277471 82
452 0.409325 146
473 0.025299 1
477 0.465945 20
