500 5000 50
10 0.856707 35
20 0.556223 5
22 0.495029 107
23 0.229655 141
32 0.289253 46
33 0.435155 66
47 0.445685 105
48 0.961941 256
66 0.186100 99
104 0.814991 59
106 0.395810 274
108 0.807870 7
119 0.869339 66
123 0.782334 36
128 0.461821 62
131 0.560866 333
138 0.591541 212
144 0.644718 4
151 0.314363 148
152 0.399581 49
154 0.828540 66
159 0.890288 36
160 0.437061 29
169 0.752101 161
171 0.414537 21
175 0.146883 27
177 0.331072 219
200 0.799599 97
204 0.168996 166
215 0.444383 3
237 0.191723 42
247 0.604477 138
250 0.572182 61
258 0.073750 295
278 0.037051 21
291 0.569334 35
297 0.078606 34
317 0.211614 14
321 0.404595 16
336 0.888670 31
373 0.311831 69
385 0.039784 108
388 0.888920 32
432 0.488823 82
449 0.770441 78
457 0.231828 46
468 0.497037 61
473 0.268722 73
480 0.691612 132
487 0.422026 172
