2500 5000 50
16 0.317048 18
54 0.361407 10
63 0.255618 3
126 0.900181 46
145 0.588030 22
179 0.116977 38
187 0.896042 17
236 0.832675 21
302 0.865963 10
432 0.983358 34
504 0.457433 47
622 0.031132 24
757 0.773428 44
946 0.159070 179
986 0.820252 40
1070 0.878668 141
1079 0.655692 13
1123 0.649123 13
1127 0.882671 32
1153 0.976947 11
1175 0.226612 25
1187 0.826449 134
1219 0.348868 40
1247 0.209849 65
1391 0.053572 30
1431 0.835638 16
1522 0.788880 298
1525 0.389520 51
1599 0.002842 15
1602 0.196512 15
1699 0.269250 85
1702 0.203594 80
1864 0.247428 13
1865 0.341592 98
1890 0.247465 44
1979 0.088528 45
2005 0.020966 16
2042 0.966348 14
2056 0.668020 120
2068 0.227657 78
2117 0.010096 216
2125 0.558944 12
2140 0.306906 28
2203 0.477731 17
2233 0.649195 41
2287 0.916682 3
2314 0.451176 30
2343 0.881036 24
2347 0.878861 3
2492 0.910205 66
