2500 5000 50
1 0.337851 66
24 0.127310 112
63 0.744742 91
181 0.946821 10
184 0.902844 17
216 0.444468 102
362 0.154807 49
405 0.369457 33
449 0.247392 25
479 0.432395 112
497 0.712345 18
713 0.216465 133
741 0.989837 150
803 0.977397 83
812 0.802407 66
844 0.713217 104
856 0.390818 33
890 0.241625 63
971 0.537455 63
983 0.984883 31
1075 0.220930 48
1170 0.239181 32
1335 0.075461 2
1359 0.164159 2
1409 0.569539 80
1428 0.472110 3
1436 0.511059 7
1556 0.763395 114
1593 0.483802 62
1626 0.244905 26
1629 0.078970 8
1651 0.901272 41
1669 0.785462 96
1693 0.986788 31
1919 0.876914 66
1960 0.991084 35
2037 0.003396 100
2108 0.868529 28
2122 0.920105 9
2155 0.572512 16
2156 0.180553 36
2189 0.837300 38
2199 0.373787 18
2207 0.418786 8
2245 0.445711 74
2293 0.595966 53
2374 0.605991 22
2456 0.600994 25
2468 0.328647 14
2493 0.128976 10
