2500 5000 50
24 0.522231 27
41 0.340613 187
65 0.936249 18
88 0.924407 27
131 0.702576 2
135 0.807671 107
263 0.319750 62
269 0.431895 44
339 0.855505 25
443 0.347153 5
538 0.201882 42
633 0.796086 23
677 0.907461 31
704 0.968231 30
721 0.481025 25
787 0.566343 16
790 0.329453 70
793 0.214670 74
820 0.938336 109
835 0.490879 7
1007 0.467017 110
1229 0.669113 125
1299 0.914621 40
1348 0.264538 24
1388 0.070083 81
1389 0.462549 14
1391 0.428277 12
1476 0.168090 2
1480 0.293265 27
1560 0.901575 28
1622 0.153158 118
1697 0.552591 110
1720 0.390757 90
1732 0.786218 40
1747 0.024593 7
1763 0.310698 119
1865 0.328218 14
1908 0.191697 24
1923 0.809055 43
1934 0.356727 149
2039 0.626603 10
2050 0.070890 33
2065 0.190039 96
2066 0.333326 6
2080 0.372094 32
2100 0.648116 19
2113 0.125317 40
2128 0.130912 31
2144 0.367471 8
2491 0.779867 99
