4500 5000 50
74 0.817595 8
136 0.709631 19
203 0.123402 1
337 0.853460 31
465 0.446673 10
490 0.237248 1
509 0.229553 6
536 0.503217 6
595 0.571978 5
628 0.363148 9
944 0.044989 8
1052 0.211905 25
1335 0.132789 6
1459 0.943267 31
1472 0.118446 9
1474 0.634849 22
1542 0.564882 3
1646 0.917535 2
1669 0.096158 15
1757 0.797867 7
1789 0.153553 3
1804 0.318230 2
1859 0.795602 10
1864 0.212103 5
2314 0.351245 23
2325 0.578451 23
2437 0.290604 26
2455 0.873047 2
2498 0.296638 10
2514 0.025194 4
2636 0.747257 5
2798 0.722364 4
2858 0.408954 11
3120 0.801694 27
3216 0.758550 25
3305 0.156572 2
3580 0.390647 8
3601 0.244628 6
3672 0.263419 2
3816 0.640359 18
3871 0.855091 8
4010 0.436946 6
4106 0.573901 4
4151 0.999376 3
4194 0.120176 19
4221 0.772331 2
4347 0.122665 2
4364 0.535528 4
4455 0.074592 3
4499 0.298506 1
