4500 5000 50
39 0.876416 4
152 0.731752 7
329 0.504231 8
479 0.303132 1
673 0.025715 6
675 0.074342 7
732 0.337202 10
734 0.600617 8
828 0.965544 8
908 0.410632 16
1058 0.720296 12
1101 0.634346 5
1102 0.420444 2
1117 0.633204 2
1186 0.297923 18
1372 0.273029 8
1453 0.359870 11
1458 0.651739 10
1469 0.321592 22
1518 0.944144 3
1522 0.926178 5
1805 0.980725 14
1852 0.205572 11
1883 0.891842 3
2026 0.912571 11
2054 0.557874 7
2201 0.428496 37
2403 0.071121 4
2442 0.644904 22
2452 0.123036 5
2464 0.089218 9
2493 0.680628 13
2864 0.380646 2
2913 0.957914 37
3292 0.693952 2
3400 0.652649 10
3424 0.536240 15
3555 0.161880 4
3629 0.568076 15
3646 0.639355 8
3709 0.553949 3
3791 0.249358 9
3850 0.718920 5
3868 0.042739 8
3919 0.680912 6
4045 0.474963 3
4060 0.847205 6
4269 0.650103 26
4297 0.546442 10
4349 0.931113 11
