4500 5000 50
49 0.537721 10
188 0.391073 7
281 0.780790 14
344 0.382206 7
359 0.878403 9
362 0.560820 9
402 0.568305 5
440 0.774709 1
491 0.161358 35
556 0.973039 1
879 0.500370 5
922 0.493350 16
1024 0.089204 9
1055 0.204070 19
1366 0.228589 14
1481 0.460104 6
1613 0.711501 1
1704 0.863365 2
1707 0.684919 13
1711 0.299338 2
1713 0.639109 30
1714 0.515235 10
1772 0.403904 10
1804 0.854597 15
1852 0.586907 12
2115 0.689326 6
2123 0.715345 15
2397 0.522911 16
2455 0.643627 4
2536 0.004579 20
2549 0.522684 3
2573 0.971952 2
2607 0.577753 3
2853 0.976864 1
2973 0.127586 18
3016 0.095054 4
3273 0.115653 6
3401 0.663561 2
3487 0.553811 5
3575 0.449724 15
3605 0.125731 6
3723 0.532982 6
3936 0.999209 1
3958 0.368210 13
3971 0.038277 20
4075 0.707030 20
4277 0.691309 2
4359 0.566436 7
4419 0.523431 38
4435 0.347903 3
