4999 5000 50
115 0.949176 156
226 0.843823 776
371 0.958030 547
381 0.774452 306
408 0.816997 445
429 0.898146 597
915 0.995171 867
1052 0.913879 58
1130 0.368763 64
1468 0.668987 982
1481 0.689295 522
1581 0.990655 888
1599 0.803692 72
1677 0.895202 713
1725 0.943638 529
1926 0.594874 997
2025 0.888660 694
2096 0.825351 866
2110 0.905113 797
2190 0.962494 497
2482 0.985747 232
2616 0.973377 724
2643 0.958803 166
2663 0.963688 689
2684 0.908789 938
2853 0.978387 794
2866 0.817724 449
2959 0.970427 562
3004 0.551122 887
3033 0.952550 49
3044 0.697062 491
3215 0.858694 556
3267 0.918390 116
3269 0.959114 552
3348 0.787443 268
3648 0.893445 876
3697 0.272722 581
3704 0.530206 511
3804 0.492306 888
3873 0.822291 923
3972 0.899180 502
4069 0.820832 982
4125 0.943395 971
4164 0.824921 624
4266 0.942633 11
4273 0.987940 735
4452 0.942164 543
4468 0.666984 840
4677 0.893329 46
4931 0.743242 863
