4999 5000 50
13 0.914807 99
22 0.960804 570
57 0.699429 916
112 0.760728 658
136 0.892280 88
185 0.852520 776
188 0.821226 390
538 0.930636 798
685 0.793645 41
915 0.836324 814
1028 0.746963 419
1177 0.859357 861
1218 0.537706 487
1249 0.427305 295
1557 0.928569 916
1562 0.972338 670
1600 0.955854 111
1739 0.841467 444
1749 0.451904 168
1831 0.560870 471
1881 0.532468 501
1998 0.904205 366
2107 0.865066 935
2462 0.969229 436
2483 0.724207 228
2762 0.992360 374
2860 0.830663 254
3066 0.817247 130
3131 0.742375 922
3209 0.831863 520
3282 0.793500 641
3292 0.995997 987
3348 0.934570 147
3665 0.717477 249
3666 0.961497 324
3708 0.924938 983
3784 0.896333 233
3906 0.902870 871
3985 0.934173 760
4037 0.889445 591
4080 0.692746 61
4233 0.985438 534
4323 0.668346 114
4363 0.757734 874
4376 0.956055 338
4440 0.990409 772
4443 0.679859 565
4707 0.628267 802
4878 0.824535 366
4896 0.972033 845
