4999 5000 50
103 0.989723 121
148 0.970907 756
213 0.727406 493
221 0.563515 444
386 0.854952 26
466 0.860198 499
476 0.645174 622
484 0.763121 478
509 0.902084 240
743 0.916948 318
971 0.426629 138
1016 0.974991 341
1245 0.609691 650
1278 0.934601 184
1296 0.861928 680
1308 0.944362 714
1421 0.893380 183
1453 0.924579 575
1644 0.746079 286
1859 0.999240 299
1984 0.814021 836
2113 0.963320 431
2372 0.982323 327
2387 0.965720 716
2414 0.379018 867
2441 0.790658 806
2530 0.861861 684
2573 0.881369 201
2699 0.856072 942
2777 0.940349 982
2973 0.558720 326
3005 0.918563 82
3154 0.742313 573
3443 0.980397 801
3510 0.864969 551
3542 0.921606 393
3666 0.988461 204
3787 0.738082 291
3823 0.930709 235
3891 0.891949 11
3977 0.779340 398
4316 0.703475 267
4480 0.906377 633
4493 0.980640 874
4683 0.981161 714
4720 0.954637 340
4740 0.475138 184
4783 0.601594 112
4976 0.831538 823
4980 0.536651 333
