51 5000 50
1 0.331447 298
2 0.892207 133
3 0.767609 62
4 0.897644 168
5 0.976703 740
6 0.996428 222
7 0.890716 548
8 0.984656 63
9 0.652722 958
10 0.937433 679
11 0.958181 141
12 0.620639 431
13 0.549588 973
14 0.896670 248
15 0.768656 832
16 0.744851 571
17 0.994419 103
18 0.697053 766
19 0.882507 777
20 0.750101 59
21 0.907080 643
22 0.842698 493
23 0.690901 828
24 0.920905 562
25 0.948444 83
26 0.922998 895
27 0.852770 668
28 0.955533 434
29 0.936319 438
30 0.873144 405
31 0.982466 389
32 0.499309 169
33 0.844221 430
34 0.656653 799
35 0.763382 695
36 0.930550 849
37 0.997401 975
38 0.994621 226
39 0.884112 638
40 0.873066 362
41 0.987457 893
42 0.909245 3
43 0.616724 540
44 0.724972 727
45 0.698761 119
46 0.960620 751
47 0.790045 10
48 0.941752 104
49 0.702347 100
50 0.469093 663
