51 5000 50
1 0.849823 619
2 0.761755 595
3 0.831681 457
4 0.617116 169
5 0.895562 90
6 0.925950 253
7 0.928806 383
8 0.737467 422
9 0.994224 742
10 0.700524 715
11 0.870060 644
12 0.940999 232
13 0.656455 384
14 0.995641 944
15 0.872541 108
16 0.965707 368
17 0.922891 607
18 0.956010 293
19 0.996381 977
20 0.862289 772
21 0.669584 304
22 0.612505 236
23 0.791444 30
24 0.931931 129
25 0.940048 746
26 0.839083 8
27 0.625705 972
28 0.525652 607
29 0.905392 889
30 0.903303 438
31 0.909993 490
32 0.880067 421
33 0.994672 788
34 0.871287 271
35 0.760420 120
36 0.828594 350
37 0.927434 937
38 0.938273 818
39 0.722349 816
40 0.886307 416
41 0.787556 937
42 0.960973 254
43 0.788020 961
44 0.472345 853
45 0.780086 708
46 0.492001 31
47 0.443757 485
48 0.969965 596
49 0.921606 532
50 0.862516 860
