51 5000 50
1 0.735731 956
2 0.922761 323
3 0.726313 343
4 0.654880 327
5 0.985880 186
6 0.946668 531
7 0.620380 5
8 0.966691 724
9 0.927733 322
10 0.508394 600
11 0.876984 425
12 0.919453 873
13 0.892752 863
14 0.559603 543
15 0.553548 480
16 0.836726 561
17 0.654799 568
18 0.929696 768
19 0.539663 985
20 0.815049 842
21 0.569801 965
22 0.862549 857
23 0.947150 639
24 0.628000 313
25 0.986738 436
26 0.804873 357
27 0.620391 637
28 0.979155 233
29 0.820763 351
30 0.933731 381
31 0.779781 829
32 0.866671 894
33 0.931685 873
34 0.928904 106
35 0.959656 7
36 0.949101 592
37 0.910452 849
38 0.828852 652
39 0.795662 640
40 0.905206 317
41 0.999238 227
42 0.845798 385
43 0.815722 401
44 0.876148 880
45 0.783656 610
46 0.807779 180
47 0.939970 834
48 0.748660 748
49 0.987639 609
50 0.986572 989
