51 5000 50
1 0.997572 603
2 0.677044 520
3 0.815911 522
4 0.728945 199
5 0.968411 361
6 0.814321 594
7 0.965754 346
8 0.971324 131
9 0.791141 440
10 0.986049 773
11 0.730348 648
12 0.926372 329
13 0.844473 902
14 0.718699 962
15 0.877782 578
16 0.808149 933
17 0.804467 115
18 0.660124 975
19 0.882601 428
20 0.958889 3
21 0.481916 214
22 0.671427 220
23 0.728444 614
24 0.724525 135
25 0.750587 314
26 0.813054 481
27 0.905356 869
28 0.745670 838
29 0.778068 491
30 0.965039 175
31 0.949280 853
32 0.836034 983
33 0.878621 44
34 0.845479 474
35 0.626701 426
36 0.877142 712
37 0.756880 302
38 0.874508 259
39 0.891113 962
40 0.664497 205
41 0.777512 527
42 0.750280 524
43 0.729025 208
44 0.895745 33
45 0.791959 857
46 0.885215 885
47 0.943974 407
48 0.988755 753
49 0.806677 452
50 0.994597 85
