51 5000 50
1 0.552741 853
2 0.917433 581
3 0.926870 316
4 0.960211 563
5 0.978624 870
6 0.394233 818
7 0.995526 695
8 0.890191 519
9 0.907117 972
10 0.923585 94
11 0.940114 680
12 0.904026 335
13 0.657447 169
14 0.996826 965
15 0.668786 238
16 0.537873 889
17 0.969787 523
18 0.992159 778
19 0.936294 177
20 0.548067 792
21 0.808117 394
22 0.812104 773
23 0.711654 417
24 0.882475 365
25 0.875465 97
26 0.835234 488
27 0.955584 266
28 0.531919 967
29 0.657641 707
30 0.975660 128
31 0.813585 979
32 0.827430 611
33 0.968367 448
34 0.421446 466
35 0.892963 906
36 0.901527 838
37 0.675906 921
38 0.531370 327
39 0.998460 502
40 0.816432 133
41 0.901086 928
42 0.937230 654
43 0.980838 239
44 0.812359 506
45 0.885764 325
46 0.942452 596
47 0.811362 584
48 0.951974 939
49 0.932189 997
50 0.767890 730
