2500 5000 50
108 0.856730 947
117 0.981105 900
220 0.866414 888
291 0.994413 991
373 0.984989 722
507 0.799544 739
557 0.852057 154
559 0.962329 270
594 0.984054 519
686 0.592112 782
803 0.595006 86
809 0.961535 362
844 0.851125 852
889 0.987653 862
972 0.934414 476
1010 0.887927 933
1048 0.416852 445
1108 0.894242 132
1121 0.409628 104
1185 0.954178 612
1254 0.847736 867
1255 0.824233 242
1291 0.783862 303
1293 0.888013 506
1401 0.488784 661
1475 0.943809 63
1479 0.924210 456
1511 0.874216 994
1543 0.841770 325
1552 0.832347 859
1580 0.878750 910
1664 0.817055 794
1707 0.686623 867
1805 0.341527 578
1814 0.930661 979
1824 0.966733 334
1900 0.627195 98
1916 0.943320 79
1965 0.932350 618
1982 0.966733 293
2017 0.798806 36
2045 0.870413 167
2063 0.454438 884
2090 0.975879 117
2097 0.913762 270
2108 0.848970 946
2149 0.988400 752
2195 0.756606 638
2246 0.956658 720
2296 0.894508 917
