2500 5000 50
183 0.462060 942
193 0.922089 364
254 0.643779 135
268 0.948854 965
337 0.867260 20
351 0.971347 510
423 0.949695 769
522 0.716972 490
618 0.422351 239
658 0.929229 155
729 0.892983 755
779 0.887495 773
898 0.931113 572
906 0.934510 856
945 0.908217 217
1059 0.707747 765
1094 0.679552 466
1097 0.800076 737
1121 0.998768 643
1176 0.878986 857
1179 0.963650 606
1200 0.744657 193
1256 0.926800 662
1271 0.478018 556
1308 0.801173 698
1453 0.745537 966
1513 0.940206 636
1584 0.993729 168
1613 0.486343 456
1626 0.458334 789
1657 0.985530 104
1757 0.658303 425
1818 0.905618 935
1834 0.889351 601
1852 0.991754 543
1872 0.849178 81
1894 0.971722 731
1927 0.939526 29
1984 0.860093 367
2006 0.711898 487
2029 0.663819 265
2081 0.764102 918
2100 0.806231 633
2101 0.982038 920
2180 0.878510 520
2235 0.849139 886
2328 0.968703 513
2414 0.727601 707
2424 0.962050 941
2430 0.893243 988
