2500 5000 50
3 0.820036 172
16 0.979995 60
22 0.981659 442
61 0.616729 791
81 0.955106 612
178 0.974247 374
223 0.971404 2
228 0.650010 75
263 0.762310 681
285 0.997401 252
375 0.698160 123
434 0.597983 66
524 0.905039 618
568 0.872091 667
574 0.729341 573
635 0.794204 280
646 0.808078 138
651 0.514196 859
764 0.926707 717
819 0.748152 892
861 0.932329 804
868 0.936694 605
878 0.915453 411
905 0.979742 427
914 0.764789 231
1094 0.890365 885
1101 0.918505 328
1117 0.856044 61
1228 0.981135 196
1244 0.875258 58
1247 0.896556 692
1272 0.760133 703
1277 0.926569 373
1417 0.557618 638
1438 0.860005 812
1532 0.373327 86
1588 0.984409 374
1597 0.728037 794
1636 0.973240 862
1707 0.940798 202
1915 0.895755 603
1946 0.934215 533
1988 0.789752 19
2058 0.945957 618
2156 0.971319 659
2265 0.870577 558
2272 0.291043 516
2337 0.732849 837
2356 0.678124 756
2489 0.939805 189
