2500 5000 50
33 0.585401 760
56 0.852822 468
118 0.827635 769
126 0.455670 223
141 0.959142 801
240 0.684191 317
276 0.555523 839
306 0.870169 169
420 0.871518 609
474 0.940942 128
603 0.939378 888
644 0.698978 189
671 0.982910 297
762 0.628064 57
841 0.892478 968
918 0.888981 756
935 0.487940 403
939 0.580964 436
1065 0.765926 775
1113 0.981844 979
1189 0.434703 956
1255 0.912203 427
1287 0.872235 590
1297 0.913344 43
1346 0.680500 913
1356 0.765087 821
1395 0.714914 311
1440 0.985281 299
1455 0.896644 874
1503 0.937548 373
1516 0.869460 336
1540 0.887159 375
1582 0.998576 138
1638 0.819143 704
1762 0.922113 422
1820 0.910396 585
1933 0.971224 757
1940 0.942179 115
1991 0.789634 980
2080 0.940527 916
2150 0.952417 240
2196 0.503219 843
2265 0.979692 670
2274 0.986194 767
2276 0.680959 482
2294 0.888596 307
2310 0.845495 791
2313 0.883956 465
2376 0.918791 627
2478 0.980427 359
