2500 5000 50
37 0.884324 623
91 0.783587 370
101 0.958699 187
217 0.972334 617
254 0.873977 920
328 0.797908 507
342 0.953920 706
377 0.771041 871
460 0.955485 186
496 0.709669 483
560 0.744372 287
577 0.736774 152
578 0.655588 274
635 0.966328 846
656 0.961246 718
673 0.980794 702
758 0.855551 193
771 0.931222 399
782 0.727745 627
812 0.931250 432
917 0.789190 511
1018 0.918941 373
1022 0.432223 271
1084 0.931568 736
1131 0.634283 875
1262 0.973849 314
1312 0.576947 40
1375 0.788903 1
1548 0.946394 43
1612 0.977180 317
1633 0.790159 153
1686 0.823557 559
1705 0.711800 90
1734 0.999428 648
1829 0.916629 657
1830 0.665718 362
1850 0.931399 833
1866 0.756029 427
1868 0.486819 603
1915 0.876501 460
1965 0.995027 780
2015 0.902156 711
2029 0.986085 320
2037 0.604649 2
2079 0.751972 948
2143 0.602643 149
2157 0.691722 264
2161 0.848351 438
2299 0.581329 30
2337 0.968869 101
