1999 2000 50
51 0.965229 453
168 0.871440 289
233 0.886655 25
275 0.746102 751
279 0.899146 139
304 0.875261 891
307 0.939464 7
319 0.403852 331
341 0.750467 804
429 0.907551 672
462 0.920719 27
487 0.870212 537
492 0.923919 790
505 0.896535 204
511 0.962458 975
612 0.747791 737
649 0.798814 537
719 0.696210 187
732 0.696429 576
798 0.628997 853
810 0.843121 423
848 0.834927 286
887 0.669832 486
902 0.920447 183
915 0.530364 112
925 0.907919 332
983 0.500910 430
1075 0.914413 466
1115 0.858021 41
1191 0.759108 112
1199 0.886533 532
1203 0.964250 137
1245 0.976121 92
1264 0.749001 439
1269 0.942690 550
1299 0.671565 612
1359 0.613766 990
1414 0.876385 265
1446 0.984612 568
1552 0.814277 657
1558 0.896165 512
1571 0.908417 720
1672 0.920273 213
1693 0.995732 465
1731 0.900696 633
1769 0.902227 533
1771 0.698377 33
1775 0.968673 394
1815 0.861560 255
1890 0.438280 344
