999 1000 50
3 0.803569 557
40 0.794107 598
43 0.662594 850
49 0.833304 979
105 0.885540 653
120 0.984829 16
193 0.845430 547
230 0.929400 26
240 0.728201 89
266 0.894148 460
279 0.757459 893
281 0.953919 812
313 0.947354 379
341 0.801341 969
393 0.978639 42
429 0.898561 101
469 0.795513 418
506 0.986455 938
533 0.298535 178
538 0.953288 741
547 0.700770 171
554 0.943705 499
556 0.837403 423
559 0.921340 263
568 0.880859 274
579 0.497928 944
585 0.849355 619
614 0.955002 172
615 0.783455 194
621 0.860497 914
638 0.901146 455
647 0.954260 723
668 0.934566 407
684 0.677152 842
767 0.986139 754
770 0.860585 882
775 0.979533 349
785 0.812636 322
799 0.910301 943
826 0.979778 536
835 0.837547 810
856 0.887994 739
857 0.401087 379
866 0.707792 106
874 0.801402 38
904 0.789675 959
923 0.962330 749
932 0.531572 330
945 0.940276 479
963 0.489632 669
