499 500 50
16 0.930416 198
21 0.982087 626
23 0.909211 862
31 0.558007 709
54 0.976047 781
56 0.763712 450
58 0.971324 450
67 0.961868 262
74 0.998388 952
107 0.974726 2
128 0.865405 291
136 0.879899 931
149 0.738597 475
151 0.750917 571
160 0.897574 684
162 0.998141 905
164 0.965617 442
165 0.916652 895
166 0.856288 605
180 0.688439 614
201 0.631999 507
206 0.747190 11
207 0.618537 533
214 0.768844 917
223 0.891829 682
227 0.252567 678
236 0.801104 248
237 0.985860 109
238 0.940942 928
262 0.867685 636
280 0.949290 292
296 0.864916 85
297 0.855185 148
322 0.536022 992
324 0.621619 955
330 0.804592 447
344 0.778508 47
362 0.640008 378
367 0.995648 893
375 0.705371 880
381 0.859954 875
390 0.966607 192
393 0.621009 257
409 0.898805 423
416 0.997258 669
442 0.868049 207
461 0.979174 205
477 0.814589 268
492 0.848561 428
493 0.674268 616
