99 100 50
3 0.904118 252
4 0.925187 64
6 0.897518 89
10 0.852555 671
11 0.806867 804
12 0.950104 474
14 0.851231 351
17 0.799966 563
18 0.964977 892
20 0.947973 202
23 0.842114 23
26 0.661944 254
28 0.684757 990
30 0.941768 921
32 0.997536 39
33 0.604126 959
35 0.972110 969
37 0.357930 342
40 0.720881 900
42 0.897960 756
44 0.974214 902
45 0.860295 709
49 0.525789 481
50 0.918312 109
52 0.526539 465
53 0.736832 758
55 0.668093 456
56 0.993172 594
59 0.819869 630
60 0.708329 343
61 0.971906 499
64 0.956072 385
65 0.898569 668
66 0.692181 122
67 0.963616 260
76 0.656807 350
78 0.968057 529
82 0.944302 604
83 0.596743 437
84 0.981197 274
85 0.992650 101
86 0.765356 723
89 0.884334 447
90 0.532287 579
91 0.956466 496
93 0.571203 653
94 0.884394 447
95 0.867728 857
96 0.857170 45
97 0.890563 643
