51 52 50
1 0.943546 662
2 0.838525 528
3 0.765120 861
4 0.894846 680
5 0.820617 594
6 0.911220 15
7 0.968301 244
8 0.985305 58
9 0.924351 883
10 0.833762 737
11 0.905141 131
12 0.905347 497
13 0.842639 154
14 0.742683 55
15 0.716675 414
16 0.946849 218
17 0.633275 374
18 0.967909 214
19 0.877586 825
20 0.693271 348
21 0.675095 628
22 0.967551 204
23 0.628920 777
24 0.755791 878
25 0.536343 50
26 0.944192 435
27 0.936474 40
28 0.334194 758
29 0.774652 994
30 0.950536 594
31 0.828467 718
32 0.897428 945
33 0.910769 914
34 0.808774 761
35 0.414720 732
36 0.903493 323
37 0.994546 527
38 0.702545 673
39 0.835996 114
40 0.810812 128
41 0.794466 188
42 0.950410 68
43 0.853810 294
44 0.995638 939
45 0.976833 171
46 0.856796 371
47 0.951946 256
48 0.967718 554
49 0.708139 291
50 0.637929 620
