83
46 11
67 38
-79 -8
-77 30
-75 -54
-74 44
-69 -52
-69 -13
-68 -17
-65 -35
-62 44
-61 -20
-60 -24
-60 43
-58 -72
-58 76
-55 -55
-52 -47
-50 -18
-47 53
-46 64
-44 21
-41 -70
-41 82
-38 31
-37 28
-36 43
-35 16
-32 -14
-30 -64
-29 -22
-28 -14
-27 -13
-26 -52
-26 74
-24 -29
-22 35
-20 11
-20 64
-16 -11
-16 -3
-16 39
-15 -13
-15 52
-13 -41
-11 20
-7 68
-6 -14
-3 -71
-2 -49
-2 64
-1 -21
2 -75
3 -37
4 22
9 -6
10 76
11 82
12 -19
13 -56
14 80
20 45
22 -45
27 -79
27 81
31 1
32 82
36 53
39 -18
42 -30
47 10
49 53
50 -70
50 49
56 -47
56 61
60 -73
66 -77
66 8
69 -80
70 41
74 -40
74 25
81 -63
82 -5
