99
20 65
8 69
-98 -81
-98 42
-93 -19
-91 -40
-91 80
-89 -69
-89 -1
-88 32
-88 95
-86 68
-86 90
-85 86
-82 80
-81 54
-78 -3
-75 75
-73 -67
-73 5
-73 19
-73 69
-68 13
-67 33
-64 70
-60 95
-58 -53
-58 93
-57 -53
-57 16
-56 -42
-43 46
-40 -20
-34 24
-29 -60
-26 -49
-26 40
-25 -9
-25 25
-24 19
-13 34
-10 5
-9 39
-8 24
-3 14
3 51
6 23
8 -92
10 -55
12 -25
13 -58
15 89
16 93
17 -91
17 -34
21 9
23 -43
26 0
32 37
33 74
36 -32
37 -95
37 92
39 -5
42 -57
42 -17
44 -79
44 46
48 -81
49 55
52 -30
52 1
53 24
59 -69
60 -86
60 28
61 -16
64 3
65 -95
66 77
67 -56
67 52
68 -61
69 -68
69 18
70 -97
71 50
74 -79
74 -77
80 90
82 -41
83 16
85 47
85 88
87 66
90 -40
91 -42
92 54
95 89
96 66
97 4
