137
11 93
1 113
-136 127
-135 93
-134 -57
-134 37
-132 108
-131 -93
-131 -45
-130 85
-129 -114
-129 -46
-129 31
-127 126
-121 -133
-118 4
-114 118
-113 -27
-109 60
-107 -29
-107 16
-107 96
-106 -134
-104 50
-104 109
-102 40
-101 -89
-101 26
-96 120
-94 -10
-87 -35
-85 -67
-82 29
-81 -125
-81 107
-79 -3
-73 56
-68 4
-65 20
-64 -114
-63 43
-63 125
-62 52
-57 -128
-54 -10
-45 124
-37 -83
-37 -28
-35 -86
-35 68
-35 71
-34 -37
-32 42
-32 63
-29 86
-28 -50
-27 126
-25 -52
-25 16
-22 -90
-22 15
-21 86
-20 -41
-19 -64
-15 -13
-13 13
-12 4
-11 -11
-5 -18
-4 -53
-2 -112
-1 -122
-1 -27
0 -112
3 -136
8 130
9 -45
10 47
11 -58
12 -44
14 27
18 70
19 -73
23 0
24 -113
25 -112
32 113
33 114
35 60
36 -63
37 113
39 -71
40 -67
45 -90
46 -35
51 0
52 -67
56 98
58 -119
63 107
64 -1
64 50
66 6
69 -13
70 9
70 79
71 75
73 -65
79 63
79 92
80 119
83 -126
83 105
84 -52
89 -35
89 104
90 29
94 -33
95 -83
95 43
102 -33
108 -93
110 -17
117 101
118 -45
121 -34
122 41
126 -97
126 33
128 -131
129 127
130 -83
132 12
133 -122
133 -95
134 -60
135 106
136 -136
136 -114
