581
379 533
542 418
-571 -398
-571 -140
-571 448
-567 -529
-566 -227
-564 15
-556 188
-554 421
-550 380
-548 -105
-548 -13
-547 -462
-547 307
-547 309
-546 -243
-545 335
-545 361
-544 434
-543 -260
-540 502
-534 524
-529 -472
-528 -338
-526 -134
-525 -494
-525 -346
-524 -241
-524 251
-523 417
-522 -530
-521 -309
-521 -136
-521 483
-520 -547
-520 34
-519 -208
-517 562
-516 -529
-516 -280
-515 249
-514 153
-508 -375
-508 -247
-505 -527
-505 -391
-503 228
-501 -439
-496 -488
-496 468
-495 519
-493 -541
-490 30
-488 -527
-487 329
-485 -309
-485 373
-484 187
-483 -151
-483 -39
-480 -306
-479 133
-478 142
-477 -391
-476 185
-475 -426
-475 -180
-472 -514
-470 -414
-470 396
-462 -200
-459 -295
-457 -201
-455 -327
-455 328
-454 347
-449 -559
-449 -144
-447 579
-443 368
-442 -272
-441 376
-439 -494
-436 -498
-436 -175
-435 -541
-435 543
-430 -521
-429 320
-421 -555
-421 -32
-418 -23
-415 162
-414 -81
-411 -208
-411 304
-411 353
-407 -531
-404 5
-403 -5
-403 348
-402 -363
-399 -440
-396 535
-393 119
-393 238
-392 -178
-391 67
-391 79
-389 -138
-387 -287
-384 -370
-377 -502
-377 55
-375 -348
-374 -285
-373 225
-369 439
-367 -544
-367 -28
-366 -530
-364 -425
-364 482
-359 -367
-357 -466
-357 401
-355 414
-354 -296
-354 -54
-354 144
-353 -177
-350 507
-349 426
-346 -173
-336 515
-332 54
-332 284
-329 -83
-329 2
-327 143
-324 175
-321 -542
-321 139
-318 -21
-317 -463
-316 387
-314 -45
-309 -541
-309 412
-307 -122
-307 237
-306 509
-305 47
-304 -182
-302 -168
-296 410
-293 270
-290 213
-289 466
-284 64
-284 266
-282 -331
-282 -294
-280 -280
-279 451
-277 -195
-275 -311
-275 -134
-272 104
-270 -444
-270 304
-268 467
-266 492
-254 -521
-254 -340
-252 183
-252 486
-245 143
-239 560
-238 96
-236 -541
-236 -141
-231 -437
-231 -377
-228 413
-224 90
-224 325
-220 -257
-220 303
-219 515
-217 -331
-216 -122
-215 -136
-214 -471
-213 -157
-206 -426
-201 -338
-200 -223
-198 -212
-196 466
-195 -524
-195 150
-192 -63
-191 109
-190 326
-188 117
-188 506
-187 -474
-186 -415
-183 231
-181 411
-180 572
-179 -97
-178 -458
-178 66
-177 465
-172 -176
-170 40
-168 -71
-167 -580
-167 20
-165 372
-164 -567
-163 366
-157 -396
-155 -461
-154 -527
-154 -311
-150 -544
-149 -362
-149 -36
-146 542
-142 -294
-138 379
-137 117
-136 -371
-134 -80
-132 -118
-125 -429
-124 -95
-121 2
-119 -331
-119 341
-118 188
-116 -516
-115 -556
-111 98
-101 50
-100 -361
-98 60
-98 307
-96 -340
-93 236
-93 435
-92 63
-90 125
-88 -177
-87 -446
-87 -416
-85 57
-82 -267
-81 -117
-81 255
-80 -56
-80 238
-77 -543
-75 -162
-75 516
-73 -106
-72 -482
-69 10
-68 377
-66 267
-61 -343
-61 -314
-60 -463
-60 -382
-60 104
-60 297
-59 153
-57 -414
-54 -386
-54 433
-50 -308
-50 294
-49 -381
-49 -368
-49 -210
-49 547
-47 384
-46 -577
-46 -199
-44 -121
-43 68
-43 248
-41 -222
-32 -578
-29 530
-28 51
-25 323
-21 -252
-16 -481
-16 222
-14 387
-13 204
-13 469
-7 -511
-7 326
-6 362
-5 -163
0 -291
2 -269
4 228
9 -552
9 -27
10 -207
13 474
14 84
16 455
17 13
20 0
21 -499
23 415
26 -31
26 270
31 -120
31 491
32 -252
34 -534
40 184
43 -357
45 -115
48 -472
53 -142
55 401
63 380
65 -285
71 373
73 -324
75 62
75 294
76 407
77 -443
78 -555
84 262
88 -76
88 247
89 -566
89 -74
90 -58
91 -501
102 -211
105 -327
105 327
107 -51
109 -230
113 329
118 12
118 116
120 -100
121 -177
122 30
129 -580
137 131
138 -90
140 -124
143 531
146 50
148 189
149 578
151 -478
151 423
152 166
156 -17
156 159
157 327
160 -239
160 263
163 -84
165 -241
168 442
169 407
170 397
173 349
176 -95
178 -189
181 -449
182 -72
183 252
186 -329
186 -27
186 437
188 218
189 198
191 -400
194 291
198 23
204 -561
204 -170
204 391
205 -541
206 -447
206 -26
207 219
207 436
211 -302
213 -188
214 384
217 350
223 143
226 186
228 229
230 234
233 -219
233 -96
234 295
249 468
250 176
257 527
258 464
264 339
265 -471
265 75
267 -103
268 -356
268 241
270 58
270 124
273 142
275 359
277 205
278 531
279 73
280 264
281 144
284 458
291 457
296 -388
298 -499
300 -241
301 -354
302 290
303 264
304 -446
304 572
305 -147
305 421
305 490
306 307
308 410
311 155
312 -575
313 -564
315 -370
315 386
318 -77
321 -488
322 -158
324 -514
325 -226
325 428
326 -369
326 -139
330 -58
331 108
337 -116
338 345
341 159
342 506
343 3
345 16
345 78
349 417
350 -143
354 216
354 272
363 -305
365 176
366 -239
367 -351
372 242
377 -422
378 26
379 85
380 -479
381 35
384 300
393 -105
393 483
395 -538
395 197
399 268
400 -425
401 -281
401 -46
407 -318
407 390
411 -276
417 -382
417 -25
418 -346
420 -106
422 -394
425 67
426 -157
429 -486
430 -415
431 530
433 400
435 448
437 572
441 -216
442 -165
443 -116
443 335
446 243
447 531
451 309
452 -351
456 10
457 -551
458 -249
464 -166
465 338
467 22
467 231
468 547
469 -444
469 407
471 561
472 -180
474 -564
474 383
475 -470
475 -329
477 580
483 -400
486 470
487 -102
488 309
490 93
490 440
492 -258
495 -541
497 410
497 417
498 411
503 -305
503 465
506 -561
508 108
509 216
521 11
521 500
523 172
524 -398
526 91
526 468
528 60
529 575
534 -320
536 -433
538 279
540 -360
540 205
541 127
544 -448
545 -306
546 -454
547 -111
547 23
549 171
550 -81
551 186
557 -565
559 -140
562 206
570 389
576 -52
578 -163
579 415
580 577
