1234
125 660
507 652
-1233 -1038
-1233 575
-1230 -1066
-1229 570
-1228 -1210
-1225 -376
-1224 -587
-1223 1128
-1220 974
-1219 -552
-1219 330
-1216 752
-1214 -1125
-1213 -426
-1213 426
-1211 -762
-1210 -484
-1210 386
-1208 725
-1205 326
-1199 58
-1197 197
-1197 320
-1194 -982
-1194 115
-1193 -1184
-1193 -1089
-1190 -970
-1190 -176
-1183 632
-1182 -1183
-1181 60
-1180 27
-1177 -353
-1176 674
-1174 -293
-1172 1053
-1169 377
-1167 -220
-1167 -65
-1165 -1169
-1165 593
-1161 433
-1160 764
-1160 1079
-1159 462
-1158 -268
-1156 -127
-1156 1067
-1146 -235
-1146 -126
-1143 581
-1142 -85
-1142 161
-1141 -250
-1137 115
-1128 -25
-1127 -1082
-1127 276
-1126 -638
-1124 -425
-1122 -1192
-1114 -1016
-1113 -245
-1113 346
-1112 -208
-1109 252
-1107 1025
-1103 -58
-1102 -119
-1101 -826
-1098 -1159
-1097 -344
-1097 860
-1093 -970
-1093 371
-1086 -372
-1086 -82
-1085 -861
-1083 -621
-1081 -116
-1080 -116
-1078 823
-1075 651
-1074 -867
-1074 636
-1072 463
-1069 -928
-1068 -731
-1064 -967
-1064 1124
-1063 337
-1062 -357
-1062 1073
-1061 225
-1059 -892
-1057 505
-1054 397
-1052 -1174
-1051 -638
-1049 -277
-1046 -1059
-1045 977
-1038 912
-1035 350
-1035 900
-1034 -1035
-1033 -477
-1032 -968
-1032 177
-1029 638
-1028 -1111
-1027 -103
-1027 818
-1020 -544
-1019 728
-1016 1210
-1010 165
-1010 911
-1006 188
-1002 1036
-1000 -690
-999 641
-998 -237
-997 -659
-991 311
-990 161
-988 -681
-986 737
-981 -264
-981 1000
-975 -302
-969 -1112
-967 762
-966 -543
-958 -239
-958 1155
-957 471
-954 66
-953 -364
-950 -995
-950 82
-946 -1121
-946 -258
-946 931
-944 -1148
-943 564
-939 48
-938 -391
-935 -535
-934 -809
-933 -6
-928 1140
-926 633
-921 734
-921 1002
-920 -1174
-920 436
-918 -701
-918 2
-918 233
-916 99
-914 -1226
-913 -777
-911 -53
-908 821
-907 207
-905 -147
-904 -66
-904 575
-901 280
-901 963
-901 1190
-898 174
-897 -860
-897 -350
-895 -121
-894 551
-894 817
-893 -689
-893 -682
-892 97
-890 1025
-889 1086
-887 1154
-886 56
-884 -1063
-880 -1135
-880 -287
-878 -850
-878 138
-876 -433
-876 -349
-875 620
-871 -649
-866 -159
-865 -43
-864 -1041
-863 -1038
-863 -791
-863 335
-861 520
-861 855
-861 1200
-860 946
-858 339
-858 644
-856 788
-856 873
-852 -922
-849 -648
-846 880
-844 901
-843 162
-841 29
-840 962
-833 -10
-833 272
-833 988
-832 -950
-832 759
-827 210
-825 1206
-824 -473
-823 -556
-819 -510
-815 -477
-812 906
-810 -13
-810 689
-809 520
-807 -929
-802 -5
-801 -1229
-800 -17
-799 829
-798 399
-797 912
-789 -728
-786 -483
-784 -58
-783 -866
-781 63
-781 1019
-781 1052
-780 505
-779 -1032
-779 -681
-778 382
-768 -970
-766 -413
-766 -106
-764 -983
-763 365
-761 226
-760 536
-759 -1076
-757 -860
-756 -990
-755 -802
-755 -414
-750 -509
-749 156
-748 -330
-748 932
-747 942
-742 -933
-741 786
-741 1139
-740 717
-738 -772
-736 -197
-735 771
-733 -865
-730 407
-723 -802
-715 -677
-715 623
-713 592
-708 1001
-707 -385
-706 -1177
-704 -493
-704 -266
-704 955
-702 -844
-700 566
-698 1124
-697 940
-696 -942
-696 -85
-696 992
-694 86
-691 680
-689 -225
-688 -203
-686 601
-684 -942
-683 -1087
-683 -114
-683 917
-678 -1147
-677 589
-676 621
-675 -1087
-674 229
-673 -548
-673 97
-667 -109
-665 825
-663 -576
-663 546
-656 937
-655 202
-654 -569
-654 497
-651 -1059
-647 105
-647 1006
-645 -1070
-643 -374
-643 898
-641 -580
-641 -140
-639 68
-635 233
-633 -616
-624 -345
-622 -265
-620 366
-618 -374
-612 -1031
-608 -197
-602 -98
-601 492
-600 763
-599 -1074
-599 -956
-598 -363
-593 -661
-593 133
-592 -175
-592 -67
-590 601
-589 -206
-588 921
-586 -154
-584 -25
-582 -441
-575 149
-572 -1066
-572 -428
-572 -383
-572 473
-569 493
-569 546
-568 771
-561 -833
-560 481
-560 904
-559 -116
-558 1226
-556 -879
-556 780
-555 376
-554 929
-553 -448
-552 8
-551 -678
-547 -742
-544 -1156
-543 -985
-542 744
-540 781
-537 -1170
-536 956
-535 -1049
-533 -205
-533 318
-529 -386
-529 -25
-526 212
-525 -23
-524 824
-522 482
-521 -366
-519 -966
-519 1081
-518 -107
-517 977
-515 -1157
-514 -148
-514 495
-508 1228
-507 745
-506 748
-500 -833
-499 244
-495 -690
-493 29
-488 -1067
-485 -388
-484 -387
-483 119
-480 -1118
-480 471
-478 -301
-478 977
-477 -744
-477 -289
-463 742
-459 252
-451 -1033
-449 481
-448 374
-444 36
-441 -636
-434 634
-431 -1126
-430 -685
-429 508
-427 261
-423 -123
-423 1065
-421 256
-420 1194
-419 -911
-419 -54
-414 591
-410 201
-408 -618
-405 -801
-401 -897
-398 666
-398 748
-398 1095
-397 -604
-397 489
-396 448
-394 458
-393 805
-391 -742
-391 759
-389 -1139
-387 -683
-386 -864
-384 620
-381 952
-380 -390
-378 -924
-377 -251
-376 1010
-374 -3
-374 708
-369 -1215
-366 833
-359 462
-357 77
-355 -898
-354 -1111
-354 114
-354 1106
-352 -752
-351 -494
-349 -768
-347 -949
-347 169
-345 -1091
-345 -37
-344 -1147
-344 227
-343 -138
-341 -1152
-338 -178
-338 9
-335 -573
-330 870
-329 -849
-328 -693
-328 -134
-328 101
-321 -1026
-318 -471
-317 -167
-317 857
-316 1064
-308 34
-300 -598
-297 -430
-296 110
-296 362
-294 430
-290 -185
-289 946
-284 60
-282 -809
-282 560
-281 194
-280 -459
-280 534
-278 904
-276 -1204
-275 -622
-266 -702
-263 861
-257 -1098
-246 -280
-240 101
-240 744
-236 -988
-230 -234
-230 589
-230 651
-229 434
-225 -76
-223 -470
-221 772
-217 85
-217 768
-215 829
-214 -349
-210 -831
-206 602
-203 689
-203 1219
-202 658
-195 -720
-193 620
-190 -1046
-187 -236
-187 85
-180 839
-178 -1023
-176 556
-176 881
-175 -1133
-168 207
-165 534
-162 737
-159 678
-157 -573
-151 -419
-150 -949
-149 497
-149 1059
-147 45
-139 -923
-137 53
-135 -1017
-133 52
-133 750
-132 -849
-132 855
-131 1090
-128 -627
-128 812
-126 -1111
-126 346
-121 -1064
-117 -1197
-115 -134
-114 -10
-110 982
-108 -988
-108 1069
-104 -386
-103 -747
-102 -1178
-102 -692
-100 948
-100 1129
-98 409
-94 -1041
-94 -550
-93 332
-90 196
-90 762
-89 -1221
-88 774
-87 888
-83 308
-79 314
-74 690
-72 133
-69 536
-68 -425
-67 1084
-67 1186
-66 -721
-64 469
-62 -987
-61 -687
-60 -3
-56 -970
-56 441
-52 -540
-42 -636
-42 627
-40 -771
-38 907
-34 -421
-31 278
-30 154
-27 582
-24 882
-20 -298
-19 -711
-18 -274
-16 1226
-12 -579
-11 378
-11 963
-9 -129
-8 -655
-6 -169
-5 15
-5 585
-2 -608
0 -363
2 -372
2 708
3 -109
5 602
8 1025
9 -817
9 552
11 1046
11 1109
13 -436
13 918
14 -377
15 811
16 -162
18 -220
28 -1037
28 68
30 -212
32 1135
34 94
35 -748
38 871
40 -890
42 692
43 -829
44 755
45 247
49 -1130
49 937
52 -120
52 885
54 -866
58 -12
59 976
64 -636
66 142
67 266
72 763
74 503
75 -988
78 797
83 687
84 535
85 558
86 249
87 405
89 -739
89 -605
89 791
90 71
91 497
92 363
99 779
102 -321
102 307
103 449
108 -382
111 888
112 -195
113 135
115 -928
115 526
116 977
117 -1209
117 945
119 -1011
121 -131
125 -782
125 -201
127 -763
127 481
128 696
128 923
132 99
134 -1109
134 513
135 667
135 1209
137 -788
138 -610
146 868
148 -964
148 731
148 1159
154 179
156 -612
160 459
166 -77
167 -473
170 1035
173 -778
173 -735
173 -127
175 7
175 133
177 -762
180 -572
182 1066
185 371
187 912
191 417
196 -1096
197 -705
199 -664
199 140
200 428
201 -836
204 -115
208 -504
211 -414
211 712
212 878
213 -739
213 -102
214 -399
215 -298
215 1090
218 1040
219 -490
222 41
222 918
225 -1207
225 603
227 1190
229 -1148
229 1114
231 -226
232 553
234 797
238 212
239 -1204
239 199
242 -1091
242 123
245 -438
246 -218
249 -1163
250 517
251 987
253 916
254 -523
255 254
256 -1039
257 -484
259 -1064
261 458
265 -804
270 -829
271 36
276 1003
277 -259
278 -1074
279 -863
281 -1196
281 -1057
285 -1031
292 -620
293 501
293 1144
298 -340
299 -229
300 -320
300 801
303 -51
310 -630
311 -983
311 806
312 185
312 659
313 -730
313 508
313 657
314 1192
315 417
315 607
316 -708
320 -945
321 369
325 629
327 270
331 1158
332 -218
333 1140
334 634
339 -1164
341 -966
342 780
348 -150
349 202
351 30
357 263
359 150
360 141
362 648
367 144
372 -1106
376 -133
377 54
380 231
382 -122
382 1191
384 850
386 223
388 -1151
389 385
390 871
390 882
391 1183
395 760
396 521
397 1040
398 -703
401 434
402 -964
402 102
407 1222
408 224
410 -664
412 796
415 -1147
415 -401
416 -807
419 -338
421 935
425 -979
426 -152
426 776
428 923
434 -471
436 380
437 -1084
437 886
438 -860
440 896
441 695
452 -39
453 -1060
454 -466
454 890
457 -127
460 -167
460 1202
461 -796
464 -832
466 -553
471 -601
480 -1036
480 372
481 197
483 -1186
486 885
489 -589
490 596
492 -442
492 -111
492 801
493 -1227
493 -264
495 -664
499 -981
499 -757
501 1208
506 -95
507 -760
507 -706
508 -124
511 -351
514 -224
515 -474
516 -775
519 -490
519 901
520 -502
520 379
520 463
528 938
530 -430
533 -732
534 -783
541 371
541 741
542 -1163
542 -687
554 227
557 -5
559 582
562 -326
566 -689
568 -364
578 -882
578 -370
585 671
587 -765
587 1073
590 -931
590 -16
593 -908
594 -725
596 89
597 -775
597 499
600 -1118
603 -1212
605 -136
608 -838
611 761
613 -199
614 763
616 -1009
616 -631
622 228
624 -561
624 602
635 398
639 -1206
639 -426
640 -1082
641 762
643 780
645 363
646 227
651 1042
652 -687
654 -829
664 -902
664 526
665 -362
665 1049
669 -604
669 -557
670 -1077
673 -303
676 -915
676 1065
680 -653
684 -128
688 -239
692 -1143
692 -816
692 79
694 802
698 -503
701 478
701 1057
703 -810
711 -739
711 7
714 791
714 1119
716 437
722 96
725 -362
734 -1023
736 581
745 -1220
748 -789
753 -809
756 1135
758 762
759 -641
759 476
760 -1045
761 -465
764 -638
764 256
767 -573
767 333
770 11
771 -685
771 662
772 -1031
775 -532
778 -558
781 -448
784 -1233
785 -521
785 443
786 63
790 557
792 -166
793 -993
793 564
793 1151
794 286
796 1127
797 982
800 329
801 390
803 889
808 1118
813 -422
814 403
815 689
818 -858
818 871
820 832
823 468
825 -182
827 -463
827 1206
827 1227
832 1105
837 -925
837 541
837 554
840 -309
844 -144
844 -116
845 681
847 964
852 -165
853 -666
856 938
856 1090
857 -1194
860 611
862 844
868 -1026
873 -848
876 588
878 -750
880 -1230
886 -338
886 164
889 -1135
889 582
893 -200
894 -813
894 -773
899 45
900 -257
901 -986
903 -1133
903 -309
906 -271
906 -42
908 408
911 -48
911 577
912 -1221
913 1194
914 562
915 451
916 659
921 137
923 -886
924 1168
925 -1042
925 -30
925 198
927 -173
927 281
927 779
928 982
930 -316
930 16
933 790
934 -824
934 -234
937 -735
939 -569
940 -429
941 1218
945 -324
945 836
947 -984
947 -660
947 931
949 389
952 -318
961 -475
965 -301
965 639
966 -1211
972 -953
972 -426
972 -323
973 855
974 -852
979 -300
979 -81
982 792
986 -819
987 665
988 -1128
988 260
988 1214
991 684
995 12
997 -540
998 31
1000 1072
1001 957
1005 390
1006 213
1010 -583
1013 784
1018 -492
1020 -407
1021 -229
1021 230
1023 -582
1023 112
1024 12
1024 384
1025 -964
1026 -651
1026 -538
1027 1208
1028 -691
1028 -81
1028 1216
1032 -229
1037 -1086
1040 1097
1044 -745
1049 847
1052 -966
1052 220
1053 392
1054 26
1057 -178
1058 -513
1059 -146
1060 -267
1062 -182
1063 -979
1064 -406
1066 250
1067 335
1068 -49
1070 -659
1077 936
1078 -1010
1083 -834
1083 202
1083 667
1084 -940
1084 846
1085 687
1085 1187
1086 1204
1087 867
1087 1175
1088 556
1091 -905
1092 797
1094 -431
1097 533
1098 -835
1098 593
1100 -1181
1101 -1016
1102 -1059
1102 -712
1108 260
1112 -324
1113 597
1114 -1017
1115 1091
1122 -87
1124 777
1128 1058
1129 -521
1129 -491
1129 -100
1133 -648
1133 -493
1133 -432
1137 882
1137 1025
1138 304
1138 440
1139 5
1140 -795
1142 -281
1146 -599
1147 -20
1150 674
1150 986
1154 -865
1154 -697
1156 419
1157 -345
1158 1164
1159 -485
1162 -701
1162 -365
1162 -129
1164 -607
1167 -1233
1172 -375
1173 1047
1174 -1068
1179 1042
1184 -718
1184 891
1185 -59
1185 710
1186 -863
1186 -860
1190 -659
1197 339
1197 920
1198 866
1201 708
1207 697
1211 -739
1216 -703
1216 535
1217 565
1217 743
1222 -1123
1222 -804
1230 349
