100
43 5
48 75
51 56
-88 -72
-58 33
96 -10
-82 -25
61 -28
-66 34
-35 59
59 -13
62 38
-38 -79
73 -61
27 -58
1 47
-82 57
95 -43
43 75
-63 -42
96 -41
-29 59
71 79
9 98
-55 -70
94 75
90 -92
-17 -59
92 75
57 33
18 -22
-14 64
-56 -1
-67 93
60 -82
-20 78
36 -97
52 -41
-26 -45
88 -58
42 -55
-5 -25
-83 22
-51 -76
51 66
98 -72
-48 -15
84 -29
76 8
5 34
-38 16
-10 76
47 -89
60 -76
12 53
0 -66
-91 -60
60 -8
84 -36
-98 -46
-49 -46
-94 10
-29 -69
-26 92
-1 82
-3 44
-38 -42
-2 42
29 -37
-56 10
38 30
0 -49
39 20
46 -94
-67 -91
70 30
-58 40
-83 39
83 -47
-69 94
76 -7
-32 -55
33 48
-1 10
-73 81
-1 -25
37 83
-86 -84
-84 5
10 90
59 97
18 -45
19 29
-96 -78
-63 6
-58 49
-24 87
71 81
-24 -57
95 2
-49 3
-62 -82
