400
117 111
19 1
230 284
-146 164
-192 271
5 346
-278 136
202 313
354 61
-359 122
332 -136
399 -362
347 -329
307 -309
-182 -151
-168 -273
304 21
-252 -266
-205 -288
227 -46
-181 -302
-222 26
193 -340
-89 390
-42 -153
-369 -83
35 -20
-31 352
183 -239
266 -278
-86 388
272 -106
-115 -121
-301 56
295 34
-90 -20
336 -13
-228 -158
-135 277
-59 336
-160 -17
-118 -285
-275 171
-370 -110
-161 -9
-34 -284
-59 -78
-196 65
76 291
-375 -151
71 193
124 -12
-360 -396
162 -311
-102 -175
-233 346
-183 303
-389 -306
-236 170
93 -289
247 137
305 -393
-249 -327
340 -13
-200 -196
307 -366
-399 -166
-63 147
-360 264
-206 140
152 -133
-104 176
-185 62
-14 -68
-53 307
168 -9
52 398
-79 11
91 -223
276 208
243 -110
184 -244
221 -255
330 -94
230 -285
-308 -219
352 -251
-317 -212
-140 268
230 -363
-4 -39
-317 -193
-319 318
317 40
-234 1
-221 -228
261 -277
-282 -347
-363 -100
-128 27
96 -96
40 34
-241 200
311 203
-324 -323
201 334
182 -68
151 9
-7 -68
8 -153
-234 218
17 118
-10 -106
380 385
-195 -297
-161 -245
-22 208
-112 -78
-379 102
370 224
370 -289
-269 21
130 -351
-276 210
-165 -156
296 363
107 -380
268 -303
-159 -161
-398 -288
327 354
363 -375
393 -278
103 81
-303 81
-297 89
154 -30
278 254
96 -372
15 116
211 162
-243 358
153 71
73 294
284 247
282 96
-245 -248
355 285
350 -160
-379 -122
-76 -260
104 288
-395 64
-315 -317
98 156
-336 362
-381 -320
12 174
147 154
108 -131
-284 -90
299 -119
-351 -380
19 16
-331 -244
-92 176
-179 69
-303 -17
341 71
-113 -339
-320 338
-316 -394
-103 24
16 -343
387 380
-183 300
146 -365
89 -175
-390 -18
-163 8
260 113
-336 -353
-332 306
-180 67
-242 267
180 282
48 312
-374 217
-344 164
92 73
107 -90
-281 268
76 111
-113 -251
-375 -241
327 -21
111 352
-335 -86
29 -224
-293 222
251 -31
-103 117
143 -203
145 318
-385 306
148 -174
-336 215
158 344
339 -289
279 -360
-88 -6
-316 159
358 -110
190 6
135 -395
-273 -79
189 143
-21 108
294 4
399 257
-139 377
-111 207
-177 126
315 126
-72 154
-3 -388
66 -100
150 -273
145 313
169 -374
-70 -270
-350 2
-292 -43
90 -365
197 -177
-60 205
143 -295
-171 122
-309 -191
-373 -18
-12 297
275 -281
156 390
-192 87
-38 -94
-230 332
-267 140
-327 -99
-199 -4
-189 -287
-130 -197
388 94
121 72
114 135
-195 -370
221 262
-336 348
181 -153
221 55
127 -173
-246 197
136 2
315 -388
-266 240
271 -172
376 -313
-4 -30
-337 334
-91 -16
-205 358
214 276
-234 -102
39 -358
188 -43
233 -351
-251 313
354 58
45 76
-362 136
-298 -37
136 -117
39 -371
-177 91
71 -214
-76 11
19 -339
-333 219
-391 352
-205 -50
-317 -96
-344 242
220 -312
-34 -230
262 -288
-286 81
-282 -110
259 105
165 264
-257 384
143 -245
287 62
-136 -126
117 298
-225 64
-126 -169
-365 -265
55 -15
-270 345
279 395
349 249
364 73
191 -319
-299 217
161 -1
-138 -327
-322 251
253 343
45 2
-166 256
-78 -237
-226 -267
-353 258
386 27
75 79
-296 9
49 327
-368 -326
-380 -147
-22 160
-363 31
218 -15
356 174
-218 195
-29 -244
-120 60
84 294
-296 315
213 31
-131 291
-218 183
201 184
130 -197
356 194
-273 -283
-50 -172
-45 196
-278 -76
327 147
-73 -153
-160 297
-78 -224
123 -350
250 -209
51 -162
69 53
17 321
139 -24
123 -108
391 -47
-346 -91
375 -100
262 232
-245 205
186 -79
240 -236
3 343
-311 228
274 315
-7 366
-99 -91
133 171
315 33
391 -286
297 -201
43 257
-240 134
-322 248
33 17
-392 -97
-288 -399
191 15
198 316
89 -316
326 53
-280 199
-378 -184
-183 -273
-177 95
283 373
109 -309
-60 5
-304 73
-370 -124
-293 141
238 -30
-253 196
365 215
62 -77
-305 -148
-160 238
-117 149
-154 218
