500
278 280
75 338
-109 -56
55 -289
-320 91
-242 -478
-196 -252
179 88
-333 -92
305 -471
-79 185
-22 143
208 -450
-236 208
415 336
-339 -406
-168 403
-213 485
389 -394
-483 442
-91 471
412 90
-194 120
-271 330
-325 374
-105 25
-62 2
198 -270
-97 -2
-87 474
-337 349
-182 -195
428 17
459 -125
-117 -490
-229 -421
-19 -483
351 285
74 119
482 -454
443 191
449 458
141 -168
24 66
-328 71
281 275
-206 -45
-106 -270
-239 -211
234 -463
486 -227
84 50
486 -477
305 -42
415 -328
293 -21
455 -239
476 -84
160 200
453 35
-468 -114
64 484
245 395
-325 341
-409 -283
293 -192
499 136
91 272
432 241
116 413
166 -265
-213 223
-401 115
-448 -425
244 -314
-461 471
244 -85
102 -263
-163 317
2 348
151 -120
88 420
-198 -469
-151 452
-148 -36
-30 -110
366 -342
-126 33
-171 -420
-53 453
-331 -443
402 -434
101 -198
471 -352
133 301
-493 -159
-57 -488
-231 496
-211 -30
-409 348
-313 -447
-271 122
139 -370
-291 -302
-311 -366
268 377
-363 -353
164 -242
186 156
72 -63
-346 -181
310 139
-245 -234
217 450
-498 255
-108 -137
173 317
-12 25
114 -422
-113 355
-413 258
456 -485
-196 -488
-57 -242
467 -309
146 -434
437 -248
-332 -234
-401 444
-402 361
398 -43
-110 160
286 -418
-89 -411
133 414
-219 -85
-104 -345
194 -455
88 -202
-313 -91
138 -60
314 -89
-323 470
287 258
-28 -105
-169 -89
187 60
293 -329
-142 426
25 229
-291 -175
-114 -320
229 264
-255 128
-205 72
286 -400
474 409
-350 411
-204 -425
-92 99
186 449
397 51
344 335
375 -201
-473 320
-69 127
-29 -7
31 314
115 283
214 -52
-105 -393
-429 -337
277 134
307 -397
-174 29
283 -138
415 5
98 54
-400 -135
288 -444
158 -444
464 -63
490 90
83 332
-119 272
348 174
444 418
-243 -160
252 -425
-109 -132
420 -8
-348 -332
-362 142
-151 -115
4 -143
198 -188
-473 -253
205 -377
120 -389
-241 229
142 423
-6 -159
18 -18
-60 -158
296 486
206 107
465 255
47 85
-305 327
161 -182
264 -306
276 285
226 169
-376 -387
-141 371
-397 -437
-409 254
174 268
-300 349
-155 -183
-284 -69
485 332
-359 -83
-148 -90
393 -191
-148 414
-271 -159
-3 -101
472 -259
-118 -490
87 -30
279 -163
-27 391
-487 347
399 -364
-195 225
168 66
-267 -241
-303 215
-199 282
71 -175
300 46
-463 -115
457 -256
-175 166
308 -45
-91 103
-410 -293
-443 -2
150 425
199 -176
29 151
-340 -362
15 273
-323 -456
333 -248
150 -238
405 256
143 -46
-482 213
-172 312
-324 -171
-280 -229
350 -55
480 41
490 -256
-443 331
-139 473
33 373
3 -408
236 -184
207 -14
-489 -410
-69 47
-301 307
-341 191
489 145
259 -193
-481 -109
-420 -76
-312 438
221 385
196 -155
-103 122
-247 -206
342 -131
116 -123
29 -285
437 318
496 -226
-78 -56
-394 -252
-329 -180
-251 -141
191 -358
-281 -230
15 -394
168 351
202 409
105 365
56 -325
-383 331
247 -494
171 241
164 289
-101 -296
-341 1
-119 119
316 -116
-313 -476
-490 -297
64 -21
-98 1
449 -2
-321 -129
-368 -394
-12 -385
266 -431
272 86
410 2
180 -31
37 -455
283 215
277 -183
-476 -445
120 258
-197 -144
-450 155
-473 161
300 54
-250 297
-425 390
281 349
299 -368
-192 441
81 84
-240 358
256 308
-491 -36
-184 150
117 -334
-285 297
111 334
-494 -95
363 -334
-144 -264
499 493
-320 487
-22 239
-449 -33
35 353
-98 364
312 -25
159 138
-497 217
368 -22
225 38
60 82
41 -206
-390 4
-441 -276
220 118
-497 306
-399 -171
-433 -239
-415 -124
-479 265
-402 187
260 -328
408 460
-9 368
219 404
275 -13
-184 475
139 -409
-374 -333
344 -417
173 374
264 -18
-289 -254
209 276
-93 -187
-436 470
-492 -22
143 -1
457 106
-428 136
-163 -141
200 -366
109 84
-399 -44
-101 94
18 80
160 -209
-447 -117
-320 -331
11 362
-83 -226
-197 -347
-160 -228
-100 -98
-311 -214
198 225
206 208
-173 -386
208 -435
471 406
224 406
164 -289
100 292
224 256
239 338
14 443
-44 479
-445 -39
-156 175
467 293
171 12
-292 -146
-307 -474
285 415
79 -439
-344 -248
-190 10
-32 112
-265 -358
-66 375
-201 -115
147 468
-263 -157
-190 -147
383 -283
-221 -273
301 49
-116 431
-197 428
127 108
379 -385
-23 90
-481 376
475 343
-414 -468
-438 60
-419 -222
266 -71
-314 129
276 -1
-155 -360
-1 223
302 300
-270 -86
-458 -162
-489 -15
255 -403
-337 -260
300 317
-425 430
180 401
-18 334
-349 474
418 -429
251 423
-469 81
258 349
-376 149
-179 229
-294 16
9 -74
173 472
110 31
236 334
26 470
-362 -319
448 -160
-213 -219
81 48
30 -316
123 201
418 60
-171 265
452 269
-272 -44
-390 -455
72 -360
280 494
139 -413
251 -326
-68 -279
444 326
198 123
-297 488
-137 258
-396 190
75 89
1 -122
257 108
-231 -98
-474 232
-251 4
-320 116
142 27
-485 -48
