800
582 56
161 648
-461 -581
310 -57
-223 743
-616 266
-131 133
-380 280
-177 -341
-206 735
-782 511
523 799
-604 -495
781 -111
748 -95
784 785
726 -634
71 172
-194 460
781 -344
-552 -549
546 -659
-40 667
89 -460
290 408
428 -791
104 205
78 -250
-704 -534
-148 -217
739 -525
-790 -538
-443 189
222 -777
603 -188
394 715
-749 632
553 223
98 529
-188 51
-442 505
723 -633
-641 -785
352 787
-682 130
-429 -229
17 485
77 -321
-43 -664
171 -340
-167 -508
701 231
632 414
-670 185
723 -204
-305 -758
433 -132
-355 717
-758 -249
-570 535
130 -160
-215 -679
-727 631
36 574
-140 376
-5 -420
569 452
-64 664
434 631
266 283
-308 -665
-167 574
-682 -101
529 75
419 -539
-199 94
-452 -325
479 -380
-626 -479
-163 -423
-300 162
532 592
147 399
579 371
-636 354
-151 14
-67 -85
751 -458
222 379
756 618
-142 698
-243 -560
-264 -799
589 -343
785 785
-83 -69
92 735
622 19
651 -438
432 498
319 719
747 604
345 387
525 -711
771 -38
-468 542
425 184
-597 -504
-383 -726
-369 171
-183 -262
378 -705
-333 419
392 579
523 709
-645 356
-74 -635
332 -765
757 -208
-431 193
308 532
-225 698
-192 522
-535 506
-261 474
-366 152
-282 -180
-157 -369
-236 -714
682 -771
144 -156
-584 161
514 124
-327 -291
236 723
-200 735
-786 -428
-364 661
-173 194
-49 -427
-78 240
-240 -208
423 537
95 -203
-112 541
-573 461
-758 407
520 -242
296 -105
111 -195
-84 234
321 695
-720 598
-224 -532
142 -492
680 37
630 -35
-146 -355
-462 478
-345 522
119 249
753 -514
-260 167
346 416
667 648
-486 492
278 -493
-642 -453
194 -47
250 280
462 514
-553 350
-124 618
359 453
-386 -728
356 302
-91 -723
526 -301
-710 -67
458 -600
382 -155
-586 614
-62 302
350 -406
-525 -264
156 -564
396 -148
-591 758
-510 -768
-300 -371
573 -274
-475 530
-262 348
-697 777
-521 553
-448 -499
710 23
-657 -643
56 192
398 -624
-652 68
335 -206
530 187
-14 -415
397 -599
-240 557
-305 -356
-205 371
-547 472
-600 -790
-798 -172
-69 262
154 722
-443 785
462 -15
-256 -754
663 -593
515 139
628 -502
-334 -479
30 516
467 448
536 -86
506 207
-51 -272
-66 -173
-9 -378
434 28
36 157
742 -479
652 -110
-125 653
445 -382
498 693
-682 -72
114 -525
794 502
679 -479
-679 473
36 609
-750 -507
99 79
-137 21
292 -695
-26 111
98 728
-605 -754
-405 566
-14 -119
-664 -448
-122 -21
-579 -564
597 -165
314 9
-753 -702
-572 -768
-623 -15
-461 -613
-555 -296
430 608
-553 -473
503 -477
352 -785
71 -281
447 403
577 -96
790 41
79 365
-66 521
-481 -425
379 -62
-46 -333
-215 -153
710 236
-645 -351
-208 -783
-213 394
-487 -287
-434 399
-565 -33
200 542
138 -428
407 630
678 23
-79 123
456 -334
23 243
498 461
357 227
17 -641
496 -24
163 -460
301 83
515 394
-183 -410
-82 28
197 544
641 -191
-271 -474
70 276
94 644
-632 508
-147 127
-259 785
660 -377
-464 -693
110 758
276 -788
675 -571
176 547
200 675
748 540
731 677
261 -550
133 147
-491 716
304 -88
412 -229
-467 -521
359 -307
291 -131
620 137
451 -440
779 -679
-599 -41
-579 -154
278 -766
-387 328
640 -771
188 -280
-481 682
-401 108
557 -164
-86 368
-402 203
32 781
-177 358
-393 -633
407 313
55 -164
107 -582
-103 -250
765 281
216 -248
507 -576
-523 -551
333 55
-215 354
414 -90
-610 57
-178 324
406 173
718 334
408 241
-555 281
528 304
-423 346
-388 171
-466 622
-34 473
-305 -296
502 258
-312 335
-589 -488
-135 473
-100 520
-611 624
112 -25
547 545
-787 -707
130 708
-281 -606
-78 209
-517 -763
778 268
-377 48
-285 -87
-184 -370
-269 -450
316 147
426 -325
-688 -747
33 276
-143 -245
558 38
616 362
-146 472
525 -593
80 -165
570 92
45 -624
46 363
421 120
673 -572
224 -382
-124 -20
93 73
23 -620
88 -316
691 -457
-443 336
-36 580
478 13
189 -236
-244 -6
641 301
-598 784
-140 -651
-780 178
285 -72
620 -237
693 107
-75 62
648 -204
248 -171
482 43
-666 -228
-646 -794
506 671
-571 -217
595 -111
148 481
228 630
-702 290
340 629
714 361
-573 43
-322 93
-624 -481
-794 301
76 46
-31 214
-359 -147
69 -549
232 -636
647 -79
384 -301
-738 -639
348 449
370 -158
-621 -421
356 354
731 -606
799 -686
720 640
150 -568
-305 391
702 -345
-459 88
101 250
-185 -760
657 452
616 -627
670 572
243 791
24 229
-629 411
337 -442
45 758
-673 153
111 598
477 -426
46 -406
45 -100
408 -346
-611 322
403 337
41 48
-172 241
252 -527
498 413
-595 -385
648 88
-644 512
598 -332
525 -505
-60 -122
-104 264
600 -183
-115 749
533 -730
601 -332
294 -522
-324 -292
-475 -729
-359 295
145 159
-500 -20
390 17
436 -306
532 -358
235 -23
-10 1
-168 610
334 -316
45 -195
604 -548
-265 388
501 -405
-6 316
-496 464
25 -777
254 239
-613 87
733 -672
233 -306
-554 -588
419 560
-377 686
413 440
-796 -629
-58 -159
310 788
314 -330
-292 -748
392 619
693 201
-187 -196
-326 184
278 571
-772 753
260 542
-445 496
517 -374
-588 131
-566 655
73 95
-779 101
623 -710
-428 771
316 130
35 364
69 710
-480 -151
-148 179
-175 -382
-382 -301
-144 638
-191 35
772 755
196 -624
-737 -57
109 -277
-43 326
-294 525
662 215
-706 244
-250 434
-82 -713
33 -451
-194 562
-616 771
-86 -736
180 669
-159 232
-449 497
348 -232
399 -681
-750 -795
434 275
273 -575
247 -686
-132 464
-40 -564
-579 79
761 291
310 -377
-360 -343
132 -213
548 -394
-567 -762
-390 581
215 64
-721 552
635 284
-222 470
765 445
-605 -733
-603 -459
-306 -461
481 115
182 788
-108 -447
417 541
-747 562
-40 -254
635 -312
-149 125
100 -698
27 627
-245 99
-289 -218
150 -440
-763 363
49 200
783 593
-466 95
420 -591
201 789
788 641
2 -302
-177 480
-555 -543
-710 162
501 317
668 598
545 711
229 476
438 -254
-307 379
-550 -82
-235 457
784 -393
287 443
-75 600
502 -688
-180 155
-691 493
-315 691
-450 623
-721 183
-193 425
488 433
-256 -428
34 -118
-222 -62
-416 -570
609 734
292 217
-670 638
-658 306
-426 391
752 284
-84 -404
-275 592
-768 242
697 484
-35 400
577 179
18 -357
215 -584
-328 -250
-36 179
-29 -506
-692 329
653 -404
385 588
796 -128
358 -107
567 -738
-434 591
-289 581
-497 732
-192 593
60 18
484 15
-266 268
-554 -454
461 -312
-609 736
-568 293
-215 -537
260 -737
293 421
-491 -597
-391 -646
413 -93
-637 -638
-476 279
-629 -371
403 -449
236 -396
29 680
-793 66
-58 -724
653 -126
-746 768
555 -112
760 569
-667 -460
240 236
457 -419
-329 702
670 -516
-420 -400
-114 434
63 722
750 369
-614 -274
-768 305
515 235
-530 -197
-20 -726
636 618
-376 -563
780 -112
628 319
105 99
702 -725
-599 51
645 -388
-147 456
443 -669
-19 786
453 585
-240 773
133 -763
-481 205
277 189
-601 -677
-322 -330
60 -148
-16 24
159 335
-365 -469
-769 770
-633 0
-73 -699
-563 -139
785 -329
684 508
-162 778
-724 -95
-790 -256
481 136
-132 117
668 -756
118 708
537 472
729 -202
-73 -279
650 -246
745 -91
428 22
-643 -586
565 722
-745 -382
-516 489
273 356
-491 706
743 -714
0 238
-621 361
-533 222
-163 -411
166 -417
122 603
610 -406
-746 47
-729 799
-38 148
410 -204
44 600
395 215
-227 -492
238 -286
339 -453
-99 -254
-442 -625
-330 546
-654 -261
-772 720
-128 791
-153 201
-523 -357
-737 600
-445 -599
-44 184
617 99
-91 -516
-774 -700
467 579
-149 -796
323 747
-541 237
640 106
-206 -639
132 734
351 -2
331 192
-310 460
730 573
403 549
97 -320
666 -679
521 -702
-384 -478
-323 214
28 298
-72 -283
-149 -138
521 -355
-78 162
-523 764
563 -310
-430 543
165 330
-598 -281
-615 44
247 648
19 -399
400 -717
