1000
405 792
992 158
-823 -114
-81 488
-524 358
-222 -173
442 92
-37 661
834 -453
105 -320
186 -664
776 -820
-445 145
-866 635
-480 609
864 -613
-281 -512
-305 885
-367 503
56 195
922 229
-116 -496
110 -582
666 647
639 173
-272 -826
611 -379
67 -955
727 -473
-668 -47
-882 699
-656 -136
-774 266
-713 -845
687 -213
-444 940
622 112
652 548
-415 151
-302 -896
-903 -748
115 -115
-894 -235
87 14
-703 748
-56 11
-733 619
415 -682
248 -566
873 -220
151 -312
-611 -263
-262 849
-944 -784
281 942
52 -851
559 329
448 196
-749 844
127 -450
-649 -534
630 -821
779 328
-203 -708
823 -759
-514 -655
-756 683
908 80
880 130
269 243
358 -70
-272 -755
-891 -903
-26 30
-471 -52
315 -635
-5 -463
-405 -235
371 -397
975 491
229 780
-730 533
-725 331
452 803
139 -446
233 241
-452 -279
-803 192
-749 117
-618 171
199 188
279 -817
-972 755
393 -189
-666 -776
912 245
-849 895
-908 23
-772 -993
-804 -287
8 -963
-284 -588
826 241
-87 -62
-912 840
814 520
583 844
118 106
933 701
137 -563
-898 -295
11 297
240 769
428 834
-703 -636
-590 -189
-929 987
-166 803
265 -834
488 363
713 930
666 793
-933 -273
816 928
-68 659
-689 -442
368 72
766 942
736 973
-74 489
849 -901
-949 -14
546 -32
400 672
91 -222
-812 217
786 -779
-4 363
-695 -496
757 -78
-785 904
-244 -734
-491 348
894 -380
-524 -415
902 674
797 927
766 -169
881 -985
-656 696
741 177
-384 -228
294 -909
-23 -131
-428 -329
322 -371
630 421
-169 228
-939 -756
-633 -874
987 883
-46 82
527 675
259 820
-35 -15
-360 -165
347 238
884 212
-183 576
-650 1
-272 455
-866 463
122 34
863 461
67 444
-928 732
498 598
-729 -813
-756 427
-193 -263
527 -395
-675 695
-653 -578
-75 944
-335 -577
336 482
-883 -367
-735 444
799 -102
-613 -215
254 862
870 -206
837 711
-568 -564
594 940
390 987
-513 386
-340 381
-577 679
-412 -641
88 264
66 -600
-627 952
262 733
-10 -649
-31 523
-439 -323
449 134
-590 511
-83 -127
-312 -773
5 -582
576 -332
-781 253
-778 -508
465 142
855 480
598 720
721 624
-362 -253
20 -233
637 -274
186 -752
574 -198
-665 -280
-615 -472
-54 89
-529 -545
-738 934
199 175
468 405
-633 -331
474 163
-42 428
-913 -94
966 948
345 -411
96 -29
-409 961
-660 -494
-641 238
-97 -878
34 -903
563 338
196 -909
723 -835
-398 -500
172 652
278 283
449 328
663 917
508 139
224 -472
387 640
476 935
203 -577
343 -66
651 203
-340 -847
-543 575
-686 80
496 -42
-737 -641
-190 -311
-489 193
106 480
485 -741
-643 865
-511 850
-523 -194
159 73
527 -571
684 449
-315 -870
-406 -673
596 -482
-503 343
762 355
222 -414
-521 203
539 84
949 246
-669 409
127 945
-649 327
-470 -152
-617 469
254 321
-417 -519
389 -877
945 924
866 178
-227 20
-56 62
777 -751
814 -18
987 -540
558 229
-517 -984
165 377
607 -160
-340 26
-195 -723
-16 -413
-394 182
-773 -685
22 317
-822 395
459 -257
932 288
-187 972
964 55
-142 -392
-261 509
-961 -548
661 690
274 -738
-331 -571
-16 -248
886 757
109 -618
907 961
-686 -502
541 207
652 -77
-316 -884
471 331
226 399
-435 -465
857 -393
-274 -123
762 336
-318 -869
-104 -346
-728 -552
-493 -984
-798 834
764 -970
89 -994
-974 -102
-222 256
-629 -23
-12 -421
737 68
-220 801
57 -265
-816 59
-563 926
-316 -599
-939 589
-367 51
-524 -416
-198 -862
-57 257
-628 -329
864 -913
616 -76
541 929
-74 322
-328 548
-190 779
301 217
79 16
-414 -27
789 611
950 464
947 186
-378 522
-344 -242
31 -616
-474 -692
-198 -872
424 -490
530 -78
964 190
120 -255
-177 -830
-887 727
183 731
597 210
-44 -45
859 912
609 -472
698 -208
-654 430
80 272
306 248
400 -311
-154 921
-961 -326
535 959
396 288
268 240
708 926
-254 737
600 719
563 -564
-34 390
-339 481
168 62
-116 -725
780 248
249 892
-812 465
-859 408
117 -947
244 -393
-894 319
-942 -834
452 -321
995 526
663 885
-425 -496
110 -70
405 -358
255 308
-402 112
91 857
-181 -319
985 -119
746 497
636 -930
-592 31
769 7
512 816
-36 499
-779 -230
-248 852
946 -455
-463 659
900 -852
361 -314
728 780
-385 588
-152 132
1 709
578 924
-915 -839
-428 -844
-932 -288
466 -969
-61 436
-955 186
-377 -720
-303 475
-736 245
-684 825
-244 545
-53 -576
174 632
-400 -556
-70 -491
506 -600
309 -556
940 476
105 -584
-62 16
388 404
-522 908
923 -257
571 -730
764 265
-7 -126
903 -736
-96 -100
963 -587
208 83
356 -237
-333 -304
373 424
-780 -384
876 -77
-527 742
-208 -508
-937 878
-179 -323
635 601
-296 233
228 -967
279 -194
-823 -622
460 591
-868 -323
484 -605
207 -908
-838 852
-244 202
78 141
709 -67
-664 -175
-562 29
876 -502
-246 -987
-954 193
667 190
905 -561
-888 -47
669 -982
458 78
19 935
-383 390
-199 75
-92 201
789 138
607 -64
-364 221
914 -955
346 -753
-332 -854
-658 437
-32 277
160 90
-100 297
893 -914
-818 503
-753 706
-136 578
-911 -856
-659 -688
49 -581
-230 -481
-710 4
333 486
718 862
24 -771
916 962
954 133
370 245
-455 435
-717 -743
-180 845
225 341
-277 -8
-215 -292
773 -72
-850 -931
663 -760
-940 -726
293 525
868 -326
-798 581
94 115
612 -166
-611 -280
-562 168
-446 515
782 487
21 486
19 -194
-276 145
571 571
234 410
-163 -833
970 340
282 -661
-674 488
-356 271
-843 -225
830 606
942 -171
-573 219
-185 -77
-295 -381
218 927
494 974
716 -802
-335 799
-947 873
-634 262
989 -94
-566 -560
16 -35
-62 245
-628 122
806 -900
362 511
-641 498
-579 996
-804 969
539 907
-403 -18
547 50
-376 238
948 -792
-948 -708
740 -994
-107 -225
319 330
240 -508
633 -670
-378 -87
-545 -319
-987 409
-827 802
-256 -379
-13 -989
-568 66
-985 -54
-846 -303
-748 -833
-560 376
70 500
-181 -822
-210 -617
-94 -143
-77 580
-977 314
475 752
360 -784
-859 -197
-349 -477
2 995
293 -839
285 106
431 -226
781 -15
394 -532
904 908
757 -24
-629 60
-371 217
819 702
-315 292
-808 299
-879 76
100 407
-327 -302
-63 -419
-886 707
-679 83
-187 -116
-478 890
-713 -274
629 96
-789 292
379 309
826 583
525 861
-80 -222
-310 -727
-829 332
34 -218
-110 -106
90 -104
590 242
878 979
837 549
989 422
322 706
156 407
13 208
961 -515
416 425
335 -905
-236 687
315 673
740 156
-929 43
594 480
-122 -312
657 672
-132 -491
-990 326
946 -302
302 395
-399 210
484 -556
-552 -732
676 -757
-270 -500
-661 713
222 411
27 85
-833 -717
-218 -948
300 439
-965 -193
913 -548
-438 -553
-102 -526
-558 887
-337 -825
-552 732
643 -106
-314 587
-267 939
-682 681
-411 227
302 -850
332 944
605 -196
-858 415
45 251
643 -701
128 -739
514 -568
-274 905
791 -97
-416 27
743 288
897 -456
-368 682
241 -210
-916 965
21 538
904 533
-673 -510
-732 738
-971 -282
-782 605
-691 56
-367 693
-940 414
-239 -270
-734 5
-977 960
-646 -948
-89 853
-487 605
-729 -165
98 884
-361 145
655 304
617 74
-394 859
736 985
-682 -524
998 -750
997 -338
-828 556
713 433
133 -973
-40 985
-548 -850
361 576
-601 -867
737 -992
-888 -717
515 781
943 -931
-252 -281
150 635
95 -993
-33 -957
807 -163
495 579
-815 -795
506 -28
648 -38
517 109
-653 39
968 -122
-648 589
346 560
416 826
511 271
476 841
-80 814
-63 -133
-214 156
272 -328
-700 98
224 285
-392 855
571 125
-187 990
852 892
-376 -324
-13 835
415 956
20 -50
361 -984
771 6
165 -931
-656 609
486 -500
448 -344
-510 -703
430 777
554 243
-196 -811
-641 -734
785 51
872 -483
386 26
664 593
680 -555
-577 450
-415 52
602 317
-675 312
-991 276
697 -345
-179 -934
-948 47
-671 -36
-296 -845
933 -778
-848 123
279 612
419 274
67 -433
521 516
-818 88
585 773
-998 576
-208 638
-47 -413
-477 394
-363 485
577 -55
-504 -79
334 753
791 659
-310 764
154 894
-363 -490
667 136
644 490
165 168
741 545
603 135
218 713
-668 248
-984 -763
-115 -987
124 -866
-182 771
-820 -84
-58 -882
267 -163
994 -858
-904 -504
62 776
446 30
-571 -527
693 626
873 -459
-495 -655
258 213
-856 74
594 -394
-678 -210
898 -68
-913 -109
-285 500
809 706
335 889
903 335
-340 -882
685 -643
618 -161
359 -664
-709 447
-357 604
882 908
-183 542
101 880
-797 -1
314 275
511 -369
345 -244
-818 -288
199 796
628 -279
142 -46
-761 528
-755 340
697 -959
-552 195
-502 272
198 -681
-403 828
-918 -956
186 -661
-306 505
780 -624
-144 401
-146 -42
-732 831
-280 -92
42 316
-972 867
-965 201
449 768
-667 -892
226 -800
-110 78
-383 548
809 -394
36 41
33 -995
-244 -958
490 -446
-657 -593
511 737
-236 962
-119 375
-309 724
-185 -693
-672 -671
106 -428
-898 -464
-338 651
-592 -822
-189 637
-787 30
316 94
-29 266
522 868
779 -674
-296 368
441 75
-458 -44
169 -966
-254 497
-546 -554
-613 -835
493 -945
640 574
578 346
-563 -38
334 -457
802 -227
-747 194
812 -495
896 81
-168 -325
460 -666
-697 -941
-903 -160
58 220
-672 390
-504 -468
576 491
-241 -296
365 227
-513 679
-563 672
-230 86
-255 761
579 -229
81 133
-296 -697
-449 -615
-696 -423
633 383
613 358
890 967
-536 518
939 -430
-767 -7
753 540
392 -259
188 825
-239 -546
886 -13
282 387
-821 -856
-655 -304
565 146
60 -120
794 -493
-872 124
-791 64
-256 134
881 -854
638 160
834 -554
-571 818
-911 -903
-380 -136
-680 -823
857 -517
969 569
628 994
636 938
873 -861
-254 -184
489 -121
292 688
704 300
580 713
504 -684
-611 185
569 -861
60 796
19 781
338 433
-766 563
-41 -241
282 365
-300 364
-526 992
743 498
-775 -859
-157 734
945 -75
-757 -452
-580 565
964 927
84 -244
