2000
1466 38
1753 1916
1986 1059
1287 608
824 1588
169 -1516
286 -549
402 -502
-319 -28
1362 1461
-452 874
-821 -1073
-322 1871
-1126 -904
-1842 -1683
-845 1903
581 841
-1564 -193
-579 -1218
-1744 -769
1329 552
772 1730
1387 -42
1096 692
-1125 -145
-921 193
-143 1679
979 -1958
-772 178
1858 1988
337 100
1456 1495
269 1085
1688 429
1100 -321
339 1924
-1197 1132
977 822
1084 914
-1259 640
1514 1238
682 -1577
-944 -191
1870 -1202
1978 -1972
1221 1212
1087 1246
201 -678
-1615 -1861
-1439 447
-333 -362
920 237
-1597 -591
785 -230
1628 657
-1144 732
953 -1470
667 -750
382 -47
-462 1944
-1077 -1072
-1423 1828
-1388 442
1611 115
-1903 1136
-1582 1763
557 1578
1462 -1095
-1069 -1629
1573 -1838
-868 -816
-518 1379
443 473
-1385 -483
1177 -1466
-1173 1682
884 1804
1935 -1291
87 -820
1757 -1124
1401 966
29 -49
1351 -790
-1912 1811
-1941 847
-590 -1071
-864 1940
1022 -341
1164 207
-1304 884
-1927 1097
1753 1921
202 1934
-1980 1609
232 -306
1605 1587
793 -175
-1042 1900
158 1899
385 1689
360 1323
843 -1156
56 -684
-1314 -1698
528 -1354
-519 20
1292 -794
190 416
1452 1813
969 1149
1302 -593
-1202 -849
859 883
477 -951
-74 -1921
-932 1266
-1686 1935
1207 -1789
84 -1680
-566 972
-1607 -1962
598 -1297
452 -1974
-1408 382
753 390
303 1112
-1044 -1303
1390 -649
-334 1756
517 1977
-1879 218
632 1222
112 -246
-748 -1434
988 -1481
1553 596
1955 -1273
100 1663
1388 -1839
-101 -1024
-861 1251
-1443 90
-731 410
-682 -1854
802 1250
1667 1778
1340 1874
274 489
774 1354
1034 -1828
595 -772
-501 1140
818 1124
-1031 -1393
884 1990
703 -1657
-512 1915
-425 593
1104 -799
1771 -1644
-1229 -891
-581 226
873 1255
839 200
-59 -1040
-332 485
1238 1417
-1371 -1079
1358 -567
1060 -541
-492 -605
525 1439
-1377 -1809
1764 505
1608 941
-1197 217
559 251
1810 405
-1892 -388
1573 -1212
100 -1592
-596 -1552
-655 -1072
-1773 1184
848 -85
-897 1108
494 840
-1276 988
-1997 -1138
931 62
1442 28
-1260 -365
601 -1100
1386 1873
836 -278
914 -1465
-28 1261
-1742 700
1426 297
-1505 1473
-1099 1186
1133 -1276
-1914 459
-1155 -914
1401 -58
1685 -1746
-1876 -1433
612 -1981
494 348
1183 1979
1317 1213
-1731 -1516
1615 710
-1101 1286
0 -1406
1984 -1043
-1162 1959
-107 896
1197 -594
489 442
-1377 -591
-96 814
-894 -1995
673 596
486 -1169
769 -730
-322 -1489
-204 -633
95 1572
1181 -332
886 -1780
1656 593
-484 -875
912 1881
-1703 -693
1891 -1145
716 1878
958 459
671 1565
-1623 818
-1583 -1267
-616 1405
-1519 -478
1689 238
-1551 -425
1053 -552
991 1149
300 -1225
1052 -614
-731 -1885
-1906 -1544
-710 -366
-1123 919
-1636 -540
1356 -226
611 -650
932 1387
736 931
879 -142
1758 -735
-589 -526
941 -876
-1756 673
202 433
1597 812
-1311 -406
-652 -984
1637 -25
-592 649
-1702 1461
1406 126
-1712 771
-1060 -703
1707 -867
-545 787
1223 596
-500 324
929 701
1392 -657
1656 526
882 -804
-1310 -1377
760 1655
1342 1166
475 1305
636 1583
-428 -640
-1120 544
581 522
884 -1000
1589 -1181
-166 -260
1697 918
-171 -996
-861 -1020
76 1501
786 1408
-1984 677
-499 -1979
647 184
888 -183
648 -81
-1384 -902
829 -1439
-100 1221
-1777 260
-543 1205
-17 -737
1140 -253
-966 -1920
-14 335
-1088 30
-520 -159
-41 513
470 -1403
-289 -666
-411 -1142
195 1965
1009 1795
-1181 -11
636 -1361
-933 1509
-1988 1165
-975 -1056
-1650 -880
1395 -1160
469 730
252 793
-144 -1711
-183 1010
758 -1216
1503 -382
-1829 624
1607 -1160
1791 -1341
1505 317
166 354
1043 1449
-827 -199
-870 -1887
-397 -1582
833 138
1825 -1103
1608 -47
1420 -340
-555 1661
-631 380
1115 285
1579 -410
-180 -1122
456 1648
-390 -1540
1380 -1674
-1131 -1321
1858 -1290
1104 1590
660 1871
1542 -222
-1391 -237
-1126 1943
1587 -225
1850 1810
-1890 -762
1950 850
994 -1923
-1445 -788
-404 317
81 1265
1317 -1799
1198 -1778
610 -988
-1591 88
1900 -806
-1640 -2
-730 -1767
1765 -1160
-1625 1988
97 -492
-1342 -584
-639 93
1737 1768
1836 -1106
-1499 -1791
-1586 1829
1331 934
837 -207
1683 1702
-1361 -1557
1541 1589
1649 996
-1459 -883
1803 -647
1973 -140
-1042 1418
-130 -732
-1688 -968
1225 -1483
-300 778
-376 712
-324 281
-406 1530
-534 763
533 -1975
1800 -600
1713 213
549 -285
172 1980
-1517 687
1337 -503
-1098 6
-1030 -8
-1808 1411
-1443 1228
1962 -673
-570 722
1652 -293
1740 -1488
600 1666
1801 -155
-645 818
-315 527
296 560
-256 -1274
-1941 -207
326 -347
-209 791
-1819 1864
-353 -107
127 930
-1172 1741
1280 -1868
-1238 -727
1994 181
-565 -336
1535 -1564
-1220 738
-1788 826
1389 1523
1516 -1274
689 1598
-1695 522
875 -1232
-1752 -465
-279 979
-1396 472
-1580 929
-361 1418
1490 -948
1657 229
1135 1653
-1340 1021
-362 1036
1468 962
1492 1460
17 -545
-582 505
1309 1464
-1933 1339
-1586 -595
403 -1224
1039 1768
1655 -255
-1835 540
1825 1769
-902 750
-1608 -1681
862 -1628
-237 777
-303 529
453 -423
-1926 -1002
-1215 993
-786 -1754
-993 -1577
-1732 941
-1640 650
702 -4
84 -517
1803 96
595 -856
-501 1650
1299 763
-699 402
-434 262
1931 1567
1261 -298
-1084 -137
-919 135
384 1927
-1442 1883
1988 1585
215 9
-3 1612
736 -910
-1513 577
1367 -692
-1961 802
-1335 820
-251 1596
92 -1400
-1582 484
-300 -67
-1082 -706
-1462 -1602
-972 -1279
-1349 1755
114 -1923
1838 405
-712 -1925
-1878 1498
1668 -1776
-425 -1305
251 -29
899 -869
-985 1255
-1584 -649
-373 -215
1566 -65
491 -1508
-1486 -1660
-1518 -386
-801 -1886
-1541 -333
1948 -1751
1028 -846
233 1740
-1530 -957
-615 -1408
-297 1429
-1548 -146
579 702
-1486 -358
1603 -1516
-1681 713
97 675
834 1735
1523 -786
1343 17
-1280 -959
917 1350
-573 -649
488 111
-1918 -1351
1711 1130
156 -1815
-1211 131
-1821 221
-1708 341
1122 -285
1928 1081
1510 -368
-1374 1709
275 1781
-552 -1000
-255 -983
159 -423
997 1998
1726 -803
-496 -603
1420 -1395
1794 1838
-481 1079
-1936 -308
-348 -1284
1892 543
62 1364
-430 -700
-636 -1754
-308 71
-557 -1842
1251 1852
1315 811
-131 261
-1352 -1098
-707 1826
787 1937
1391 1621
1448 1395
-1853 -879
-375 -1638
343 -1281
497 755
1106 -1779
132 1976
-1803 669
229 1459
760 1548
1021 -715
-1444 1386
620 -1815
1776 1101
14 -642
168 -1214
1945 326
1416 1347
-1495 -1447
1598 1454
-378 716
-1770 -1439
-1147 1679
456 1908
-1900 -1112
865 1344
910 1071
956 220
-1444 1537
-1602 -1185
1902 1818
-1118 1060
-555 -364
-826 1548
-1124 -56
538 497
1730 523
1489 -1141
1255 543
269 -1401
957 -1177
1709 308
1247 1575
1721 -794
-1233 -767
232 -1750
351 1508
-1119 -1020
1817 -1257
472 1766
598 -1368
-1028 -1215
-116 -1902
-475 1293
-956 1147
-1181 -436
791 43
-612 968
734 -818
1523 1407
-1514 -1989
-326 777
423 -659
-190 -1953
-109 1327
-1195 -518
-505 92
1326 539
-1463 -1921
-498 -63
-1229 1550
-271 -1807
1794 1962
-765 -1375
-1565 1784
641 -165
-292 1266
339 988
553 -987
1000 1824
-989 -1978
-669 1179
1184 -247
75 1602
1070 -1341
-1219 -8
1830 238
-1686 -1622
1741 -1283
42 108
-1391 473
1057 1062
1722 -527
-288 -437
-1836 253
442 -535
-1358 -1639
966 622
426 655
736 1898
-1114 1170
214 858
1051 -1238
760 -553
919 -1722
347 -86
-726 -633
718 1727
-645 -625
-1057 -500
571 346
-1204 877
368 1938
961 -1489
-41 -85
1288 -1159
-1107 -789
917 -1442
-25 -652
209 -1430
-357 653
-816 871
-1463 569
1805 -627
1419 -843
-633 1578
-1863 539
77 1897
-1818 -31
-6 71
373 1421
-1905 -1910
-1382 -1149
-1051 -201
-696 -1902
1939 585
-42 1412
1667 274
-662 -229
-662 125
57 -432
692 1315
829 -1715
-1681 -530
214 -174
-1218 1918
-274 826
-948 207
730 -1937
488 -1039
1083 1167
-942 1067
1718 -122
-181 246
-98 -1513
438 -1015
471 -1937
480 1603
1033 92
394 1025
-1843 -658
1368 1689
1761 1198
1109 1435
1353 -831
1438 1838
-886 210
-1497 -269
947 118
1246 980
-1317 503
-10 1384
-425 95
793 -1540
-1505 157
1212 1897
1523 -734
316 881
-644 117
-747 1131
-1647 -1685
1823 -1069
304 -1135
-899 1626
-1549 1575
1157 1226
1932 525
-700 -1753
1696 144
1436 -1618
-511 1202
-1792 0
-1363 -1675
-468 -823
-291 1441
1674 -1855
776 -612
-685 179
-987 -185
731 454
1025 138
336 1803
1621 1665
1054 831
1364 -113
893 -946
191 1475
-1680 -1781
-629 288
-1893 1482
-1304 -687
-1089 -1692
-1662 511
351 -48
465 729
-1445 139
603 368
1747 -1408
593 -493
-1301 -92
-173 -1789
-971 1548
-633 -1848
-1152 -1460
868 1640
1910 -595
-1656 828
-1240 1517
124 -1715
-1447 -539
-862 796
177 -1922
515 528
-161 -806
1803 -241
764 578
-510 -700
120 1899
-845 -1329
-973 1447
-1309 -358
1306 1032
1744 310
-1012 -1166
1147 -1159
-1895 -1710
1597 734
-1257 -1679
-921 -545
-855 1695
1083 -154
850 -990
-1464 484
-695 781
-1251 1315
1544 -653
-330 -619
-639 -906
-1797 161
976 1906
1037 -949
-1622 913
257 1186
-1263 1916
-764 -6
-537 -1071
-3 1905
1362 720
546 -168
-587 1799
976 -1040
1625 -235
112 -392
-1336 1219
-1774 1356
-640 591
390 -1711
1138 -1310
681 1945
-1140 -1129
-1485 -1667
908 166
-1682 -24
-1712 1836
1424 1344
997 -1748
1308 -236
587 -1468
1159 -727
180 -650
216 -999
-791 -1093
-1668 -1662
1855 32
-544 -763
-255 1793
-1723 783
604 -1724
-1495 843
-359 286
-1597 976
-267 -973
511 -1928
-1537 -696
-1027 -206
-1833 1281
-239 -1584
-1113 1668
-1383 -254
-1486 -938
-1655 -1532
656 714
-1111 529
617 671
-163 100
-929 1167
-930 1518
676 -1702
1417 -1041
151 557
-1737 1260
613 1543
777 802
-1028 -1049
-60 1186
-412 -1325
1802 -909
-459 1890
1062 -1003
1068 1407
747 -1941
-216 -1566
-816 244
-1577 1851
548 -1226
-1745 1231
-445 1889
-258 478
220 1187
-655 1884
859 754
604 1446
780 1532
-1021 1362
-568 -1992
-119 -795
-1538 -1575
-1963 -556
675 1773
-1981 345
-1944 423
-766 262
-1751 710
-828 24
595 -1254
297 -532
-1131 367
1854 1266
-1212 374
881 87
-54 383
-557 -267
-957 1238
-801 -827
1792 1126
-1543 283
-377 1683
-782 -1256
-1461 -1438
1770 -1453
-1573 1762
1923 -1096
442 976
142 1163
904 -716
57 -1964
1813 732
-1893 917
-153 509
1439 -1760
-1710 -228
230 1306
844 -818
660 -1474
-461 -1026
1911 -531
-87 -454
1697 637
570 -528
80 -770
1027 -304
-1136 56
-1063 803
1197 -1364
1073 1442
980 634
-769 1874
1860 80
1114 244
-748 -1725
811 197
-1193 -844
-1143 -1902
520 1906
872 1407
1142 -990
1020 1569
-428 -374
749 735
-136 -932
-650 -930
1377 -1957
-162 -762
867 1005
-138 1934
-1726 554
168 884
-1270 -882
-904 1109
1026 1730
1979 -1750
849 -1389
-1674 1168
1712 -1622
586 1808
1773 28
751 -1638
438 1967
-1314 -1660
840 -1680
1865 -1178
-1027 -179
1849 1868
-1594 -1309
-966 1266
1431 -129
-495 -1956
-890 1816
-1051 -1120
-979 159
-1735 1767
-167 -1172
-122 -1769
624 -1650
-125 1413
-705 974
1793 248
1774 -883
-185 1460
-1141 1513
49 1016
1241 1499
-1456 -1577
-1410 1893
-773 910
890 542
-1979 -731
31 112
1121 -1884
-1455 -1677
-1841 929
1282 -1072
1798 -389
201 1142
315 -747
-1616 -593
-1757 1735
-150 229
-1835 -338
653 348
-1612 1906
-464 -1582
1229 1591
1755 -621
984 170
1837 1874
1032 -1819
1009 -495
-1984 -559
1314 1125
754 712
-411 1762
-654 -500
737 -1293
-1380 -584
600 -948
-860 -1265
866 1264
540 -1205
309 1584
1515 -1102
1270 -156
-359 33
-209 -1529
376 -341
-522 -1700
-1102 -1029
-1627 -885
998 -184
-1636 96
1590 -419
650 457
1222 -816
915 1808
-64 -1432
1854 1372
-578 1735
1902 394
-1838 1645
-1012 -1435
527 1981
1390 -643
-1203 -715
975 688
794 -603
1879 907
1573 -1359
-1090 -385
-863 -1656
1810 -1964
-1408 389
-697 71
-415 -1140
-1471 1468
-1029 1741
-441 -1217
-641 -1580
-838 -532
480 271
1281 1778
-1322 -1850
-1653 -1963
-1417 1311
491 287
-868 -1025
-718 0
-953 -519
1427 1673
-721 -1517
-1410 -1808
-608 -839
-1775 316
1178 -1755
721 670
-508 -1277
1283 536
409 -69
859 1789
-224 63
-1938 -608
-165 173
1110 103
-1796 -1441
357 -1019
1356 -1219
-677 954
478 -567
-1535 1158
693 1350
-1722 122
955 -72
1118 590
-1091 -1882
-1602 -1291
-1982 564
1721 -435
-353 -91
-1619 -18
-1953 561
1363 -259
134 1391
-877 -536
433 628
653 1976
1640 -1032
617 -1399
694 -1608
-589 -1782
-1867 -957
-1075 716
-685 -1620
96 -428
84 590
693 -820
1000 -1324
223 -1847
379 431
1714 1374
1374 299
1611 -677
-341 -226
14 581
1781 -1011
-1544 1623
-696 -1240
624 163
1006 -647
873 17
-499 587
0 -299
-1403 1005
532 -1740
-1810 -1450
863 -603
-854 -472
1284 335
275 -21
215 -1093
427 -29
-216 -1301
24 -1837
1021 -474
-365 -707
-1614 -552
1279 1756
329 -723
98 541
1821 -879
-31 -1170
-1477 500
-1285 -542
-1460 -1594
252 -1152
1379 1823
1372 -579
1949 -1753
495 -917
-1481 -1850
1196 -1336
1692 -1958
-554 -229
131 816
-1691 -1916
-256 1851
1146 131
-1893 -1853
-1268 1585
-185 -1112
-1455 1893
-134 1462
-1166 -942
-1707 -1608
1556 2
196 1464
637 1230
1966 920
-1572 -231
-1322 -1320
-1080 553
1094 -1594
1954 -1088
-1058 -310
-663 1695
-797 -277
297 -1599
1064 -844
-845 -1549
1219 1051
1731 1228
-1332 1904
1488 -331
-778 -1582
43 1377
-259 1040
792 -698
1766 -484
1352 -1062
-45 245
-878 1276
1388 1889
1911 -1702
-1565 488
-1275 1863
444 1194
-304 277
1900 209
-1215 241
-253 -1614
-791 -470
-1616 764
32 -722
-848 776
1256 330
1668 1203
-383 1124
1445 1808
-1944 -1459
25 1418
-514 90
-1968 -359
92 1676
-1717 653
-1924 -1550
170 1263
-533 -1870
593 767
-420 693
-1058 1446
-698 -48
949 945
-720 -504
-537 -1537
1042 -32
-1980 -1965
660 1384
10 1772
502 -133
1170 -1189
1980 -386
418 1796
-1713 1118
1675 640
1328 -1550
1263 -162
998 921
-387 -1239
-1947 -1678
-413 1086
-1851 969
-661 1101
1634 686
1548 79
1276 -248
-55 1697
-1803 -489
1518 -1288
-1102 -1939
-1292 -686
-1223 -1727
-193 -1438
-268 950
486 483
-1104 1283
1509 1514
-893 -840
-829 1152
1563 194
1064 -685
1964 -1442
672 1692
1097 1968
-1546 -227
-1119 -1775
-1494 811
661 -612
1820 1834
-1049 -1093
-933 85
-1810 1708
-434 166
1447 907
1805 -1045
-744 555
-1037 -1902
1691 -1746
-1196 -1543
1952 384
474 1269
-1952 215
-637 1808
-231 743
1419 -273
-220 -970
-509 1492
-1244 -1698
-1231 325
888 -1253
1733 1688
807 580
67 1874
-245 -1424
-488 1129
1320 -886
1578 815
1976 -596
-1509 -829
-1379 -1603
-1303 191
549 -1823
1212 -537
1240 78
110 -730
1708 -1089
179 1386
-735 347
-728 481
846 1017
-1058 -897
1447 1480
168 -71
1033 863
-1969 -758
-65 -1163
-826 858
-674 455
615 -1689
31 -1137
-862 -45
-1695 -1988
-1693 387
90 -1282
1357 1448
828 -517
-408 469
-1560 -18
-1489 -1909
1621 -1766
260 639
-21 -1332
-317 -349
1075 -1046
722 -337
1312 1661
-1043 -1891
-286 72
-1719 -1856
1653 -399
-1846 -31
-214 -162
-1045 -393
-801 -359
1063 -1022
-957 1994
-1117 990
1857 641
1167 145
1206 -1391
-1750 300
-1443 1710
-1559 -1674
-457 -568
-1743 676
-1332 156
-1890 -1809
-1004 -1227
-722 -1197
1861 261
549 -1792
-462 1636
-1587 546
-762 -1791
-1864 1659
-1871 -1755
1384 993
650 1039
1923 -1390
-630 1933
-935 -450
-759 -925
-1811 -1311
-1674 -1049
646 1561
439 1445
-1954 1394
-371 -1789
-935 -1609
-1060 1053
-403 -1279
-490 -1452
-857 -1932
-1650 431
-1596 357
800 694
1525 -1640
-684 221
1904 -1889
1840 646
-1833 -426
-312 110
1005 1485
-733 -1532
1014 -1391
1769 -1760
310 991
-660 1244
1010 -982
-1485 -465
798 -1238
-1136 -1222
-1146 -1837
886 1132
992 -450
-872 -696
806 -1352
319 -1335
1723 1503
-1866 -1584
1771 -1042
-1802 321
-1573 456
1182 -674
424 -79
1092 1619
313 1510
879 1076
130 -650
-974 838
-1215 1878
-460 -1824
-901 873
377 504
-1454 1208
-1157 -468
1254 -1337
-17 844
-1679 -728
-1260 837
-1363 -1341
-884 1399
694 34
1827 761
-253 -1142
-1417 1527
-1407 682
-1485 -597
1516 1639
-1515 1643
-450 1944
9 -884
-618 -1049
-703 -1018
-325 683
853 1248
-313 -957
122 1077
-190 -1606
479 -368
-547 1510
-1857 1590
-861 65
-464 -1079
-1581 -640
459 -265
-426 206
699 -1852
-1574 -937
1842 -1692
-126 -578
1991 -1275
-1315 607
1446 -1689
234 109
-825 1760
-1140 -771
854 -1044
-1754 -1538
-1092 -169
-1883 1031
580 -1330
897 340
343 -610
-1763 370
1620 -263
-945 1999
-46 1814
1002 1294
-275 1419
225 -1581
175 -1231
386 1141
608 45
-886 837
1504 -1952
643 -342
642 497
1525 1943
1355 -962
-1444 -252
-872 -721
-871 -830
913 -358
189 -506
1239 -1622
-1437 -671
656 1006
785 870
1971 -6
1673 473
-1635 1434
-799 -605
1844 1808
-859 1781
-1569 113
-1698 -1515
1099 -1719
505 -1228
1640 -1584
1730 -244
-129 -540
-1257 -1274
-1026 1289
-835 1128
117 69
-430 393
1415 -1603
693 -799
1507 -854
-41 -535
-1420 -1848
1913 -501
-1076 -978
-799 25
-438 1332
-400 127
596 -660
-517 1075
-1740 -1039
1115 -519
581 1010
-1238 -124
1093 1022
33 -102
-1904 1623
-583 -284
-1753 -1618
1836 557
-1927 -956
1591 -1478
-1502 -1989
1642 1986
1236 820
546 -314
-1055 -59
1870 1472
97 -374
856 36
-1392 322
1047 -1649
-191 -79
1450 -31
641 799
902 -1614
-1847 718
1169 -993
1718 57
912 -453
-843 -1647
-147 554
1111 1644
1320 519
299 -708
1063 989
-1194 -109
354 1862
-144 1518
1910 114
1265 -943
1130 -1593
1895 -208
1394 -1190
1712 1316
-1705 1930
1930 1939
-1041 1041
1720 1916
1984 -332
-691 -88
-26 -1275
-1337 -1682
1579 -458
-512 1883
-521 -1
997 -1885
-696 -1535
556 -375
-1321 1513
1078 -893
-186 -1300
-1231 298
638 -1446
550 -212
1981 -1641
-302 -536
-1648 1091
-1411 175
285 1485
-154 1317
-9 -1809
1401 -218
-514 -600
707 756
435 812
-1433 -1696
-168 738
-571 -878
1654 -1176
-1410 1043
305 -647
-1854 925
1213 905
-1609 -607
1440 443
1598 -660
849 1574
-1845 -1584
-1817 -1817
-1290 1217
1382 408
765 -1440
-277 544
-13 -1890
1284 1230
733 1734
311 534
-112 1798
1325 -1526
-863 983
-804 -1286
-1330 1123
-24 -1872
-329 1774
99 -1663
-1945 992
-1371 -489
-293 1458
-1293 -23
355 1004
721 442
1289 -114
-1427 1640
-1552 531
-459 1790
-1461 1184
-1270 1453
-1420 -1597
-1149 1499
255 497
-1568 1020
-122 -1093
-926 -750
-536 -480
-867 -1088
1450 -577
907 -124
361 -1422
1566 -591
-747 -223
-1349 684
-330 1634
1091 1531
585 -40
1325 -31
1367 1147
1834 -102
350 -1594
-1988 -1826
-1208 -1485
-1694 1141
1253 -483
-1331 582
1153 451
1306 645
-1741 -1688
-104 1970
1856 -447
1680 1375
735 1456
1299 1251
1748 -451
-773 -394
525 -628
-1708 -1406
-1777 -1219
322 -991
-831 -48
-948 1907
629 691
331 -1129
723 1281
-235 -541
1933 -1172
448 -400
1043 1649
-85 1815
1675 -953
1086 -838
-1919 1698
808 1254
-1791 -1786
-1194 1656
1991 1260
627 -102
447 942
818 -1626
445 -1330
-1206 -610
-106 -627
1459 1828
331 1710
1896 725
-83 1049
944 -1780
-1420 370
1404 868
-1861 66
-1255 216
-1757 460
-1451 673
-1070 958
-1010 447
1042 -218
-1361 -188
943 606
105 -1927
-1935 310
-1601 122
-744 -704
-671 -1247
4 1006
-539 -1594
368 -1246
1620 -490
-849 -828
-429 -1118
1772 1824
-69 -1187
1502 -1048
763 473
1149 1591
163 886
1513 -1369
382 96
-1938 586
1245 -1761
-733 38
-193 -629
-1635 -1187
58 -1825
-1781 196
-1412 679
-1702 840
1701 452
1132 1468
-692 -1326
-456 961
-1448 -390
1602 -1869
1699 -620
992 -741
-1501 220
1698 -1463
-244 -1939
1337 -1340
-1669 -121
-1381 -1437
-333 1196
322 -1052
762 1022
-657 -1476
141 375
-1062 1872
-1176 1478
-1072 -582
-11 1520
-1178 1435
-1358 -970
-1843 1358
738 331
892 248
278 1447
1621 1809
1598 1958
-649 673
52 -540
-50 1372
197 1690
1282 -79
605 1474
-1658 -1735
-665 -249
-1491 1831
-17 -924
131 1679
-27 1725
594 -1525
1545 -1384
447 -1709
1702 -159
-1489 -185
1039 1525
291 66
506 -999
-991 79
1133 933
932 -810
1869 -1003
1480 -1530
478 -1876
-1868 1339
532 -871
163 -886
1458 -644
83 -1656
584 -988
-1845 61
802 -1100
-1052 -738
974 -1316
-247 1383
-779 1255
-35 591
-1613 -1776
-1194 -471
-458 363
454 -1207
1731 1069
1925 266
-561 -1649
1066 -1597
-850 -1744
1389 123
-1021 -962
-1029 -296
30 431
1707 -1786
182 -1497
-1644 -412
988 -32
380 -1316
857 -1933
-345 -1501
-485 1087
-799 -1078
-702 -1762
1549 326
-1687 1647
-1850 1916
71 895
1961 310
571 1459
-1447 137
110 1541
-1307 1940
529 -962
-1398 1180
-119 326
1269 848
-415 -1708
1761 1702
-1011 501
1659 -335
-906 -754
766 -333
1024 -1733
-143 1088
-235 1586
1397 -129
-1000 -1414
-1153 850
1320 1858
1115 1647
905 -410
1517 -65
-462 695
-1001 -1584
-800 503
543 439
967 -1982
534 -649
-1131 -1113
352 -1741
915 -585
650 -1397
364 1958
1262 -1429
1394 -1644
1779 -277
55 -1857
-1601 -1800
-741 -679
-519 657
1451 -326
-1774 471
1992 1381
569 -767
685 -298
-245 -716
1658 -1
-1448 1938
-937 -1799
1332 -1966
-1254 1009
199 244
-1441 -1758
1960 98
-8 -984
909 1213
-114 690
1061 1980
-926 -1952
-1245 1836
1894 45
-1740 1647
-114 -944
-757 1167
-883 -80
1090 -1101
-1242 874
-1841 -557
-262 76
-1614 -1044
-1573 564
1028 -1966
774 -1123
-1127 850
-1217 -864
1611 -1006
1566 -54
-610 1940
-611 -48
-575 -1722
-1531 1627
1264 978
-1057 1438
1758 -1603
-1204 -1947
-118 285
1084 -1955
443 -596
207 -177
174 -321
619 1358
-353 -119
147 -886
1763 244
