3000
2954 912
1820 104
-2623 -2424
1668 280
892 -2678
-179 -77
1378 2740
-2943 197
1336 -2771
-2649 -1893
1372 -1680
-525 1930
-180 -974
-836 1383
2380 1985
-1681 1742
1680 -2665
1386 -2156
1092 -1987
-753 -2474
-108 2475
-1598 2950
-1851 -2828
-45 2642
2830 622
41 -634
-1792 14
-2357 -2916
449 12
-301 -1903
328 -2728
-1071 1558
2203 -1918
-78 1435
-1036 -1033
1953 2838
-2209 412
890 -2755
-730 1141
467 -475
1260 -23
-190 2437
-435 1854
450 -590
-1688 -851
-270 -415
-926 1972
-2492 781
2532 2649
-209 -385
1634 -19
2739 -549
807 -2229
-1662 1969
-2623 -2814
-810 -398
2601 2485
819 -2545
1746 2415
510 -2799
-2983 -1774
-836 1386
2983 1111
-2969 1896
658 1054
-790 -417
1567 -768
1096 2607
-2460 2618
2057 771
-27 2682
2961 -1081
-492 2650
2811 -2078
-2204 -2908
1463 586
1805 1509
1910 2987
372 -588
-2368 -2306
1273 91
-673 -2161
-2832 -2627
-2257 -28
1366 -1200
1163 318
2713 2668
-2624 -2878
-1898 2263
-1609 50
1252 -1970
2556 1206
-1354 -265
787 539
-1309 2597
-2448 54
105 -826
11 200
1153 -395
1197 -2964
-1586 2693
-2275 1143
-2872 814
-1295 467
500 -1472
-2513 -1223
1422 1501
2780 -898
-912 1052
245 1400
357 -2844
2558 -2066
129 502
2602 -2162
902 2605
-588 217
1774 -2086
-201 1104
-1542 -1712
1359 -1238
2913 -2758
1185 1542
910 -2606
-32 1896
-1467 -1649
-1507 -2067
-1308 2784
-671 -2577
-1184 -199
2336 358
-2941 315
669 2951
-1753 -1422
-2275 2865
-1266 2650
836 -995
-27 -2181
1173 -1427
-1418 1571
811 1242
245 -2533
343 1363
-471 -744
-1919 2029
-2561 -1917
689 -856
346 -529
-326 -534
2260 -723
-2766 1591
-699 -889
2003 426
1472 -583
1019 -1966
1609 5
-2517 1559
1510 2953
2794 2365
1432 1305
591 -768
1471 1262
944 1600
1013 -836
-2744 2896
1994 -2998
2349 581
-2457 1551
-2446 554
134 -493
-2077 286
2332 571
-2741 779
-1838 -2305
2987 709
-2697 -2230
1571 -2254
-1509 -20
642 819
-307 967
-2334 -2966
2684 2598
2444 2674
-1230 -2246
-463 -2573
952 -2640
2269 -2029
685 2976
-1779 -2047
-2084 554
-1459 -1162
-630 -525
-2533 -65
-2195 913
1970 -1782
2123 -708
1682 137
1444 2820
-2689 228
-695 99
2820 -542
1713 1922
677 1916
-1197 313
1615 2189
-2443 2793
-2933 -384
-387 2738
-2144 1922
832 206
-1696 598
2733 -1976
-2089 2661
496 -2527
-1160 7
1671 2755
-1751 -1279
866 2075
1734 1046
1731 5
-898 -2967
1875 -1488
1556 -2261
-2538 -1872
1480 1515
-2080 -1006
-1237 584
1058 -775
1877 -455
2956 -183
144 -363
-2895 432
-2228 -1373
507 2106
2575 -825
-1854 1214
2767 1423
1836 421
-351 1361
2758 6
287 -1399
2112 -1707
2232 511
-2688 -1973
-2739 -1352
-1510 877
263 -1005
-917 -95
1603 453
-610 367
1543 2497
1762 -1869
-1009 2275
2403 -950
-861 -2582
2039 -336
-2437 112
1864 1631
-2061 -84
-1932 254
-2512 1024
-1816 1304
-1447 -1281
1019 1746
-1581 -1695
326 1872
1161 -2353
-1292 -2073
746 -2930
2217 2319
-1187 -1502
-896 -2507
-1281 -698
1266 -787
-1783 1272
-798 2053
1137 723
2879 397
-1273 -2194
-2190 2592
-207 222
145 2805
529 -474
139 -1605
-1959 -2207
-2561 1196
-1408 -500
-2921 -235
-948 -2183
-195 687
1472 -2203
879 484
24 -234
1340 -613
2245 1278
2022 -302
-227 1464
-1173 1786
806 -2150
1946 2652
592 -539
1501 441
-1262 -1699
-1068 -2836
456 1131
2927 236
-2201 2172
-169 2821
1749 -1011
1597 -2785
1287 -1806
1681 -8
1683 -2761
67 -196
-2629 -770
-2014 -1857
767 -428
-1673 -315
1585 1996
-195 1548
2874 364
-2173 708
-139 1101
753 2323
-2130 -2122
-322 -2030
2879 1959
963 -1677
859 -1485
-803 -666
-461 1063
1891 -1765
1957 2385
1306 -1323
-447 80
1654 2066
-331 -2225
2326 -2
1994 274
-2100 -557
873 2519
-678 -2368
1825 -1637
2963 -1081
-1242 -787
-589 1768
-1200 550
2637 -16
-301 -2047
280 1717
13 1678
-2292 2685
2655 2034
-179 -768
-519 1343
1873 -2291
-2191 -411
-1976 1153
-45 -764
2370 104
-1440 1087
-2158 -67
-2722 2761
-2745 2998
2692 -510
2551 2048
-364 -2770
1440 1407
1477 527
-1658 -1907
2395 -322
1218 -1613
-893 -78
-960 1259
-1233 554
1277 -2436
2207 -1829
-2839 -2730
-1502 -2333
-1892 -1622
-2512 -686
1989 -2672
598 695
-2796 2758
-2659 -627
1338 -348
-95 1203
-1455 2711
1922 2567
2023 -1816
-2965 2821
-1447 2579
1138 1942
-2185 -2523
-1772 1438
496 -2594
2529 -1198
2698 1803
1057 1730
169 2928
1131 -987
1195 -2531
-2896 -313
-2337 2716
339 -2346
0 -2026
-2686 -2983
868 243
1930 -241
-106 -507
2464 1058
2326 1731
847 -519
1247 2975
1777 2759
-14 2196
-2312 1632
-176 -513
-1770 -443
2824 2372
1439 1849
698 -468
2931 1144
-2940 -273
1176 -732
-2048 168
-1651 -2955
2041 2718
-1794 1681
911 -1188
-421 1259
2905 -485
-1759 -315
2690 867
386 -2461
185 1240
2097 1007
11 -904
2850 -1415
-2854 2760
2420 394
2635 281
95 -1442
275 -13
1731 -718
-1936 -321
-2678 768
-411 420
2944 1962
-940 -1887
617 -74
2338 -1084
2073 -2858
1356 -2829
1832 -1157
-2347 -2610
1508 2766
1254 -116
-1005 2783
62 2379
-108 1711
2784 1759
925 -2059
-2669 -1050
-194 1794
2135 -2179
-976 -7
-2136 2377
-2016 -1527
201 896
371 1265
2573 446
-1244 -2205
1110 -308
1051 -2700
-509 2981
2943 -1303
2238 1542
2606 860
-69 2344
2889 -1014
-1310 2929
2735 -2743
261 -2442
-1569 -2174
-1766 164
-2058 1821
-1642 -783
-2079 -2688
2654 -2746
-374 -2508
1862 -458
-126 -2401
26 528
-956 2280
784 -2481
2840 1844
1181 508
-463 -1402
2921 -2698
-668 1296
-1408 -497
-290 1331
1103 -864
2886 754
1900 -2625
2966 482
1445 1116
-608 2653
-913 2361
2101 1266
-1839 -2002
-2247 2818
-1329 2572
1975 -2534
-2453 -2215
692 -2985
1622 -2725
2774 -223
615 1486
2921 2347
-1541 423
1864 1757
-2940 -2775
2151 -2304
-2202 421
2572 1912
-241 -1100
-2136 -539
-2069 2355
-1982 2888
2574 -718
-1767 2428
-1245 -800
2320 2002
-18 1140
2758 -1266
1024 742
-2915 -2029
-1727 552
499 496
48 2345
266 -1169
-2195 -1885
2821 -901
-2650 -1882
490 -398
-2866 -2906
-2899 -2090
2778 1785
1727 1134
-657 503
716 -314
2512 1971
940 801
-1451 -1329
-2906 -2642
-798 941
-1149 2339
-2596 -247
-2121 -1782
2379 2762
374 -1104
2183 -239
230 -1536
-139 -2954
-1274 2481
-2354 -2256
1004 -1288
-836 -2454
1407 2653
-982 -953
-2521 801
533 -2488
-562 -308
-185 -2058
-394 2210
-523 526
-265 -318
507 1256
-1238 -2797
-911 1758
-1870 2514
2819 -1908
2752 124
-1158 -1367
-253 655
1134 1434
25 -536
-784 -1147
1379 400
1168 -909
143 -999
-752 -2450
-1752 2266
-1790 1251
-975 -718
689 1848
-1637 -422
1663 -269
-961 -877
2826 1257
-2089 2884
-618 2930
-2820 -2328
-2636 2660
-1331 1263
2983 2039
-509 926
1013 238
2669 327
-1465 -905
2219 -1968
-119 -468
-1398 -887
-2447 932
2283 -943
-153 -2863
1691 -2811
-469 -2335
2885 2847
2695 -1737
2913 2182
-2293 175
-2676 -1725
-594 -1623
-136 -353
140 304
2339 1686
478 2967
-2618 2776
426 2890
1032 -61
-388 -2123
1393 935
-997 108
-1399 1727
-2713 -2968
-560 -1831
-842 2770
-928 -1204
-2142 646
-1331 1384
198 -2653
319 562
-601 -1099
1872 -51
-485 2783
-693 1947
-1729 -384
2491 -2265
-2402 -897
932 2334
311 2250
-2371 1488
-2878 -2489
941 -2365
1027 -714
-805 -585
-2153 -1352
806 2337
-1862 -1608
-2483 495
2207 2415
-1749 -988
-1704 -240
-2869 2186
990 1532
35 1243
-1697 -1638
-2188 2116
-2868 -89
-1812 -36
-1595 -1128
1634 1080
1845 2417
-2966 -483
2757 1425
-1763 2105
1809 -2690
-1603 2727
-2861 -1747
-140 -1379
664 518
-1202 821
-2134 1016
921 -66
-2151 2981
1560 -222
-1493 1563
246 1302
2670 674
-1087 -2225
843 700
-489 2097
2159 606
-1302 8
-2891 -60
828 536
-2001 -1263
-1671 -1796
1087 -1649
-905 -2295
-686 -2534
474 538
-1595 915
-1961 1011
2347 2076
1616 2076
-1147 -2214
869 569
-2993 -1182
826 -1012
778 884
598 2873
-2559 1002
-656 146
2094 -2680
-738 -1504
243 555
2932 -2413
1698 -1031
2872 -149
-1721 2014
1766 -2730
-1335 1350
2614 -2121
-1433 2272
-626 1295
2596 -832
2128 950
-1397 1824
908 435
1250 -908
592 -2782
-2018 -528
-2096 -2997
-1158 1736
-1039 2246
-1234 -1859
773 1854
727 -2167
2627 2057
1565 378
-2927 -1993
-2051 405
2913 -2149
411 2053
2313 -470
-2270 2818
1883 -1752
-364 266
1129 1962
1371 2033
1683 -2613
1425 -1391
-576 -2701
20 1375
-1971 -1728
2673 -2620
-2106 1826
2720 -1062
168 -2359
1920 -578
2032 2547
1864 1155
693 1205
-2400 -774
-555 -683
-1165 1052
2960 -1445
768 1230
-358 1968
-208 1304
-918 2642
-1608 -2910
-2517 2853
-1061 891
302 -2815
1422 -804
1348 1637
-1322 1961
-1148 -195
-2925 -1696
-249 -993
2163 -1733
1575 739
-309 1934
497 2754
1749 -1786
-834 307
298 -2050
-838 2769
-2435 -1357
1591 2871
-2746 199
-2888 -2813
-1629 -1592
-1659 1176
1554 2706
2376 2567
1133 1220
-1386 -2028
-1494 433
-1441 2845
-2641 -1734
596 -1426
247 2999
1954 -1316
-277 -426
1428 2117
-1612 769
2880 1225
2064 -1828
787 2875
2111 1106
2266 2978
-1726 -1481
-669 1526
-1985 -1342
48 1188
1338 -1946
169 2323
353 1736
410 2386
-1395 561
-1932 -1131
1102 102
574 2473
1728 -2943
109 -45
-346 -1078
94 2106
254 27
-1226 -1400
836 -2826
-307 -2332
364 1359
1754 -298
1039 -2553
1868 1592
1560 -851
1827 2821
1282 373
1945 170
1638 2465
-2377 -1487
-2539 -1616
-2257 -2517
-1795 2877
-2945 -2392
-2338 -359
1281 1511
-409 -1922
1561 -2867
-2984 1221
355 -2998
1966 -1073
2556 -2428
1859 -1644
436 -1857
2084 -719
-2139 -2847
-1745 -2497
-1608 -2434
283 902
-2897 -2316
-1196 2878
-1261 1728
-2776 1759
-2172 -1087
1911 -714
-670 494
-2933 338
-1848 -338
-2724 2053
538 -1448
-2231 -1173
860 1283
-1463 -631
2311 -1391
-2214 2068
-2647 1877
-2190 1243
1382 -1049
-423 -1424
-766 -2128
2532 -92
-1862 -1165
985 1094
-2161 -1534
-2904 405
-1451 -2748
-2844 -2740
-378 -1474
-704 -2975
-282 1819
1692 -559
1487 1925
-1705 -2349
-964 -2481
1344 238
2067 868
-1652 211
-1083 2790
-6 618
2737 2685
1217 -2617
-2942 2989
-554 934
632 1950
2015 -111
1164 -1495
-1075 17
-556 255
956 2418
-1768 -467
296 -1445
1372 2794
-1376 1429
-1450 -1584
559 -217
-1831 -524
-2528 1524
-953 1368
580 -2463
-2557 367
-1674 1973
1107 -2378
-2690 -206
1044 -2957
-1195 -944
-1097 -1908
-1583 821
-76 -2308
2060 -1434
-1033 1916
-461 2870
2258 2166
2778 1144
197 843
2902 -2099
-2936 524
-2651 2461
160 2386
-2549 -1265
-2929 -1799
2189 -302
2286 2314
1684 549
959 -962
2536 -1022
-1494 -9
396 1142
-1588 1179
214 -1539
2989 -954
-1148 -1579
-168 154
967 2191
-1183 393
554 188
1943 1233
1038 1418
2866 -1354
-2681 -1213
2863 -1414
2123 1664
-2721 -2233
-1626 -1289
2298 -171
-2309 -1415
542 1884
-1457 2934
2207 -2708
-2166 -2546
2099 328
-355 2289
-1506 -2711
1182 1396
-2097 -1225
-879 -593
-1712 -2913
1680 -473
1785 1959
-1051 -2541
-151 2876
2735 2062
1739 -2804
593 -2605
544 1020
789 -164
-1444 -889
1445 -2038
282 -1362
888 428
-1390 -2722
-844 -2981
1521 -1397
2406 -2713
-1244 -2486
255 -2372
1190 -1297
-105 243
296 -2407
-559 2138
-1824 512
-611 -416
-2866 -905
-1537 2580
-2014 -1377
1211 103
-1952 2226
521 2054
2538 -2802
-2022 -1797
-683 1466
270 -2927
1218 -1072
-692 -2084
-71 -392
2905 -2830
1815 2535
2268 -2247
-765 242
2610 645
-887 -1231
1396 2509
1537 1708
2027 1099
-2901 1305
-1164 -2466
-2868 1584
1869 -1638
-8 -1578
-902 1720
2159 2942
-245 1432
-1987 -55
-2542 -828
-2576 1040
-419 2623
-2991 721
-890 -1103
-885 2604
-1805 1860
-1902 -1117
-509 -2745
-1828 -459
-2381 501
-615 281
-2261 -2404
-2733 -1960
-939 -1264
2562 -1772
2687 -1380
394 461
2943 -658
-1638 2072
427 100
2329 -1312
-2136 1152
237 -709
2670 -537
0 -1643
1906 -719
1344 -283
-438 -2217
2687 -212
-654 -1248
482 -2482
154 2386
-429 2246
1514 518
-1104 -641
-1464 678
-1090 -1803
2023 1092
-631 -2959
-2972 -2555
1517 -435
-1961 -1616
-2147 871
2632 -1549
-736 -1956
-723 -918
1707 330
1689 227
1332 857
1153 -1887
1087 2523
-2783 1393
1846 -2182
-1939 1599
116 -2826
-1602 228
2976 1058
-740 714
-1174 -2006
-1025 -1017
-1719 1287
1039 2088
2291 -217
-816 2304
698 -515
-264 538
-1998 -2015
-2732 2469
889 1022
175 -2416
2677 -233
1310 -932
-680 1042
977 -2185
-2113 -2553
43 -1218
2910 -482
1685 312
-691 580
-762 -368
-552 713
2284 1770
-1333 2313
-1542 -180
2634 -309
758 1913
-1256 -1237
2868 -413
199 -734
-1072 -760
2578 -2688
1245 2717
2419 -2235
642 1014
-657 849
1073 989
135 -716
-1607 1176
104 1156
2498 -2113
1487 2972
-1597 -197
453 1834
2462 -1398
1683 1366
-1885 -932
-684 -1568
-1311 -2441
2897 1154
2976 1318
1414 2098
-1022 -1901
95 -2478
1471 -329
1863 -233
-2270 -622
-1011 2475
-930 1678
-84 1579
-2455 1846
-147 2308
-520 1729
1436 -847
-2451 504
-2898 534
-2729 -2153
-2837 -24
-2455 -2430
217 -2286
-337 33
-455 2745
1824 1194
388 595
1556 994
-754 2461
-1523 -101
1238 803
1859 -163
-3 712
-252 1050
1169 -1549
-1625 -702
-885 2197
-1378 -730
410 -2157
819 -1578
1084 1138
-740 -126
-2081 2055
-2225 1360
-1235 -2750
-2824 -2272
2502 2378
701 1850
2391 -1524
2695 -337
-1 2280
2492 -47
-1743 94
1432 -199
-1730 608
453 737
2647 1069
-725 1098
-445 -481
-1072 -1804
2600 2175
1053 55
-1058 -2702
-1793 525
-2240 -763
1222 1753
-2198 1457
-1969 -1671
2207 -2818
2909 -2430
1616 -1817
206 2900
-1587 914
-1397 -217
72 -1284
-1630 559
681 -286
79 1315
-1978 -1043
-90 1216
-2318 -2109
1312 682
-926 -2608
750 2000
-878 828
-993 -2027
-13 -649
-2207 2745
-215 -2366
-879 2902
2647 711
40 105
507 -1347
1312 983
-1955 -2916
981 1066
-900 433
2089 2060
-1303 1127
2387 -340
-63 -2047
-673 2350
2599 1010
-2921 800
-1385 -77
-416 -2620
577 1683
391 944
-1562 1186
2309 -1561
-2270 719
-2023 586
-709 -2339
-2790 -2554
-782 -1826
-2683 -2822
-1511 1238
1252 -1889
719 2182
-1099 1479
2997 -148
940 -1
931 -2139
-378 -23
1921 -2398
766 -2978
1412 -1761
-847 2129
-2003 -905
-2314 -39
402 -22
476 2896
-684 -1574
-2864 -678
1587 2404
1361 -2741
-242 -251
-2729 997
-227 -1459
1662 1546
596 1680
-1354 -1398
-2548 1442
600 851
-2136 -177
1559 307
-1007 637
2011 -2889
-1036 2920
1549 2515
-1922 -193
-1826 -122
-2087 1438
-1133 -20
-142 1534
-223 124
988 1857
-2007 1241
2082 -592
2971 -2479
2533 226
-1824 752
2933 1422
725 -1077
1273 -2963
-1071 -1450
-1685 -37
2572 -1768
-255 -255
2846 -608
-814 2710
-640 -248
-56 1504
-1700 147
-1141 2328
1743 -2962
-69 -2379
2354 181
2845 1749
-116 -2181
-930 -1367
-1769 1686
752 -2551
-2199 -1990
-869 -2379
-2450 -2274
829 -665
-2292 1478
-2828 1880
-1287 921
2107 -2678
-567 731
-907 1553
-1876 2774
-1044 -366
2440 1920
2283 2579
-2880 -1937
-1778 -2168
-923 2526
-1732 -2069
-50 -2262
986 288
-2452 -1312
1886 2803
-764 1159
809 1140
228 -1955
743 -617
-216 1015
442 831
-2914 2819
1126 2338
-2638 -2712
-2964 -2169
-108 1230
1156 266
2931 1123
-1219 435
-9 1790
1204 -990
-2254 -2505
1540 803
646 -147
2439 355
-2269 -2409
-376 -315
1943 -2797
-2695 440
800 -2543
1380 1850
-1607 -2370
2605 1214
-964 1847
-1497 2855
1440 -2278
-527 -1478
2290 2079
1053 355
-2936 1818
2302 -2920
-2524 -444
2857 -2012
516 1960
1528 81
-2886 -2224
1710 1112
186 -2578
1740 -1535
-1085 716
-2876 -1452
2691 1263
51 -2833
-2253 1116
-751 -2543
-2393 1254
-1960 2763
1789 -2219
-2217 -768
-984 -47
-641 -612
2189 2680
-1767 -2285
515 1057
-1389 -2515
-522 -1898
-1942 -1402
135 2729
2302 -778
249 859
-1459 -1917
-829 -1925
579 2794
2517 -1183
-1399 -902
-532 -1341
831 1601
842 -1927
541 2939
2026 -2112
1231 631
-2078 1134
-2502 -905
-1635 -636
1814 -2061
-263 -1685
1371 1395
-2581 2376
1119 2275
1085 -2421
-1906 1097
2472 -2127
1180 -2588
82 775
1686 -2460
1813 1706
-2568 -1100
687 310
408 -2766
1379 -1020
-1737 -867
1782 1642
-829 -2677
-1107 -2103
-1645 -1079
-1206 -288
-1961 -1659
-2707 -2822
1046 1468
2045 -2259
609 2747
2514 -452
1190 -601
-2218 1419
-920 2657
2215 -2373
2959 -2470
520 1030
391 2764
1712 2543
2654 -1326
-1513 -1224
-2671 -606
-1613 -604
1703 775
-282 2487
1544 308
2976 -2312
2395 635
-1797 1833
-2046 951
1667 2709
-117 2658
-2179 -1735
-256 2795
-461 -5
-633 2070
-1773 2479
-2524 -1574
-1266 455
1871 732
-803 2091
-2462 2165
1633 587
286 -2220
-2186 2723
-1706 -657
956 1120
2823 -1892
-2596 1870
-2151 1570
-2326 1581
-305 2617
-536 331
2154 375
699 1325
-753 1930
2592 2031
-816 2197
1089 747
-2932 -1551
2567 1043
221 -1032
-251 -34
-916 1554
-1455 1460
-2307 1850
2909 -2638
-523 -1262
-1409 1097
-26 2421
391 1742
992 -641
2235 2027
-484 -451
-2104 1232
729 2462
2046 -1460
1135 1183
640 2075
1313 -1270
881 -1207
479 -43
922 -1714
1079 -790
1562 -2982
354 2313
1407 2414
-1182 -1317
722 2065
1250 1278
-2602 -1568
-2099 -1356
1207 255
-1976 1847
-1835 1350
898 2656
303 2904
2053 1505
2817 -2620
1453 30
-484 2413
464 1187
2537 889
-276 1437
-1032 364
-2796 2338
735 2721
258 1503
-1247 1225
29 1887
1699 2590
2355 164
2135 -631
2815 2241
-245 2426
2463 -2649
896 -2501
2481 1254
-383 2500
-2674 239
-2689 1927
-304 -1240
-2161 -2373
2816 -2326
-1472 -1957
809 2639
196 -2093
-913 2330
2448 2246
-652 -2810
2270 2909
246 1400
753 2690
-2925 -209
157 -13
1403 -1727
-821 -2582
-751 1333
-2139 811
916 -1601
2989 -900
788 -2723
-1736 -716
-1582 -984
316 -1009
1059 -2211
-1787 -2530
1477 197
366 2837
2416 -860
-2769 2911
-921 -1744
1331 1144
-1101 -2595
-843 -2311
1429 -185
-2606 -2544
-1878 48
-2556 1044
-1355 2914
-252 -1707
-2552 978
969 2840
1850 -2347
-1169 -166
2511 2312
-404 2365
1659 1830
709 -2213
2216 -2283
969 -2753
1473 -2376
-253 -1492
-48 -2669
1562 2870
719 -1445
1531 558
-2990 2711
-2753 -2343
-2058 -2140
-1924 -921
-1471 658
1556 1923
1066 -2849
-2565 -1957
959 -78
-1177 913
1012 -596
-1647 -2702
-616 2630
650 1277
-931 -1229
-1592 -1722
2439 656
-2528 -561
1564 1351
-400 -2927
-2360 -2746
-1101 2998
-2633 -2415
-2986 1986
-842 984
8 2206
-1024 -1909
-453 2072
2389 -29
-1958 2678
-1310 1762
-970 2561
2764 -2244
2144 1706
-2801 -717
-2898 2014
861 737
952 1947
-1156 271
-211 2765
-2966 -805
-104 687
-1595 -2204
1701 -1439
100 -825
2749 -569
1275 955
-1211 -2795
1234 -1236
-2927 2670
-1117 -1096
-2170 -533
-2987 -164
1546 1192
-1735 -957
-797 -532
-1744 1088
1045 -1326
-1085 -461
-86 -1008
-2773 -2503
-2856 -427
936 -2009
-2553 -427
2532 1130
2191 -666
-1331 -125
-1586 77
-994 -783
-358 -208
478 -1374
1310 -690
2460 -2027
2721 739
2034 705
-2562 1356
-286 2593
-1957 229
-2449 -751
2327 -418
2057 -1409
-2621 2112
-1106 2700
-1800 499
1413 2537
-1553 1603
401 -796
2982 -409
2830 2757
214 -254
-2562 -1117
-834 2964
-1109 -1244
-2306 1956
903 843
-1628 -2044
2030 -2465
2708 -2520
495 1459
-1179 -2158
-1611 345
-2436 2470
-2200 14
359 1411
-2022 -1948
-2479 -346
-2033 -963
-2522 -2686
-2918 2836
2197 2992
1701 2896
-1395 763
1433 1280
-2651 -726
1770 505
2196 852
-1494 549
-220 921
2327 2172
2710 -619
1173 2931
-887 -2616
425 -2331
-350 2377
-58 2379
2198 2340
-2873 -289
2632 -2017
-1517 1410
2944 1236
1922 -2890
1478 1627
995 -1564
-1518 -2464
2550 -2394
2796 1703
2798 -94
349 2477
-1659 406
-2442 2989
-1153 740
1055 177
2863 -626
2574 -1339
-1541 -1190
-2424 -1209
-1595 -108
-2295 2671
1976 2312
-1173 -885
397 -290
2556 614
1285 -2684
2496 -2778
566 2494
-2840 -372
241 1386
2652 -2485
825 -1193
1949 -482
1107 -1680
-238 -2792
171 2743
-1352 -781
1830 -1440
1656 2556
-1436 -581
-265 333
2345 -611
-114 -308
-751 -175
-2342 -1756
-2415 -2497
-2686 996
-815 -1443
2412 -839
-1991 -117
2884 -1603
-1216 -2008
2958 1601
2023 1277
1639 -1790
168 465
1493 -2674
2766 2099
1156 1244
1575 2023
-2166 592
2660 -1105
1841 -1991
735 -331
-2064 2481
2203 -1930
-2361 1128
-1076 1105
-740 -1696
-1194 1759
1105 -2518
-2949 547
-2122 7
516 -747
311 115
-1685 958
1835 -748
401 -1048
1066 1269
2150 -940
-2167 -269
331 814
2907 2719
545 1893
2014 -559
-1427 2360
1840 -2136
2611 860
1557 -2305
-797 -659
629 -472
43 -2075
611 1408
-2194 -2238
2001 -246
-2264 236
2840 1766
-1629 2272
-772 27
1665 2802
-789 1881
-910 -1436
491 -2819
-865 160
819 795
2006 -2992
1081 -810
-713 -265
113 334
428 -2521
-313 -1801
2067 -346
-1082 -2203
1280 -973
-1098 2779
-1984 -2364
-1149 428
2915 12
-636 1995
-366 2161
1588 2105
1369 2235
2533 2718
-2096 49
-228 499
1134 -1770
-2239 -2348
1532 153
-1799 1733
458 -699
549 2549
754 -1402
-1402 386
1662 2542
1654 -447
1731 2426
2100 -1391
1124 -2915
-1028 1661
2369 867
1003 258
-2797 1511
-2423 1856
2656 1642
48 -1827
2023 -2753
-1231 958
-2159 -965
1598 -1697
-1731 2173
-1978 577
1255 2281
-769 -401
-955 2481
-2249 -570
-2352 1286
1689 2599
583 1956
-1060 -2241
-2726 -2595
-1145 -2644
-998 1266
376 2180
1550 -2043
-187 2638
2182 873
-1510 -672
-2083 875
-2486 -804
-673 -1196
531 1288
-574 326
2142 787
-2749 -956
-1918 -2762
-1714 899
1892 -860
279 -842
2336 -1552
-1541 1647
538 1112
-469 2199
2245 -2671
-1879 1319
251 74
-1076 1815
1882 864
2600 -2764
-2944 1040
1141 2651
-1145 2843
2916 -1087
217 2972
-2812 1325
-2884 1152
1771 -1192
-114 1614
2277 2240
1858 2004
779 -2661
-2166 -1478
683 -2575
2384 -1847
-1254 399
618 -2854
2514 420
2489 -1353
2534 1159
2433 -2457
1452 -829
-1088 1054
2276 2570
2136 -2404
-2803 934
-678 -2981
-1780 2789
558 -753
-156 -2245
-1116 2053
-2788 -2411
-358 218
1146 2427
-1926 517
-2079 -324
2668 -2249
2330 -2932
-2681 1200
-2316 -378
493 -705
229 -1955
2241 1015
610 -2078
667 1461
1572 -541
88 1732
1921 1067
1111 904
-120 1727
2426 -229
324 2468
2914 -2374
856 2697
1122 -1314
-2482 -1215
595 649
-2891 1839
1280 2775
-2603 1591
-395 894
2671 332
2622 2340
2722 -438
2584 2684
-2462 115
1030 -2370
2583 2828
-1742 -1758
2565 1609
2626 -391
1665 13
-273 -2409
221 -242
2599 2248
513 -832
487 -1248
-335 -2670
-1463 2485
-1867 -1727
2323 -1394
410 2693
502 415
2003 -499
97 -866
-576 1120
-944 -2828
-256 944
-2783 594
-940 -2623
1006 777
-2380 -577
-2366 1312
-1213 -2543
-1843 592
1107 -2705
-941 -1166
523 577
-1194 2097
2336 -869
987 -938
-2676 -638
-1990 281
823 -2383
270 -1408
-2392 -472
-2486 -2188
2167 -716
1176 1782
-2621 -2404
259 -2503
-2214 444
-1354 -102
-885 -2656
-1857 -227
-169 -233
-1149 -247
1848 -2290
2588 -1611
1399 -2963
2405 -876
-288 -1746
2460 -2754
1746 -2070
1316 -1387
-837 1010
-1634 2346
-1498 -935
-2532 -2272
-1251 498
2525 -2382
-2360 -425
-712 851
1254 447
845 -2388
2832 -211
-2296 2705
2889 2098
-2160 -1420
2123 -130
2045 2671
-2521 -252
-171 2622
2301 -2205
2886 -2463
-85 2080
797 2963
2339 -578
1472 -1370
843 2028
2748 -2413
-46 2684
977 -2720
71 83
-2747 1772
-484 1512
1742 -2235
-217 1592
769 1045
1200 1488
2407 800
512 -2339
-54 2247
-1936 -693
338 1722
-1267 1173
611 972
-2412 -1980
-1080 975
2989 1980
2139 2966
368 -871
-1004 2809
-2583 -1469
-2212 2801
-791 -2858
2067 -579
-938 2954
716 1133
1082 1169
-2679 -1736
-2291 2714
-93 1956
1946 386
2742 2138
323 1117
-2818 1219
1110 -2930
2056 944
-2003 -2175
2241 -449
2401 2775
-2638 -917
1701 -2277
2877 1143
-1363 -618
2369 -1967
363 -138
1069 1744
2971 2295
-2283 874
408 -728
2114 1575
-1467 -1848
1045 1184
1087 2379
1962 -2942
-51 2282
2556 -920
-898 -1617
-2924 -1435
-2055 673
2169 2538
-345 -2730
2121 -1764
-2906 -143
-1079 393
-2568 2403
475 -279
2348 815
-1471 2190
2788 2543
608 -2773
-1552 -2655
-2402 2783
-1964 2873
-1842 690
657 2615
2736 1115
-2533 2327
2739 -1326
2203 2166
-1689 -2315
-1961 201
-2040 -1209
562 466
2279 786
2562 2824
-944 -1148
1271 -1695
-2639 -2014
2424 -2881
1114 166
-168 -199
-1479 -1638
-2536 639
-1550 1036
-1955 -472
-937 -2748
2810 -2307
963 -1050
1552 -995
-1238 2557
1777 -1748
369 379
-565 1406
1362 1244
-901 -1084
-2441 2408
-1616 86
834 -1393
1832 -671
-397 2822
-705 1507
903 -364
2693 -905
698 -2734
-1481 -2199
2977 -1195
2598 343
-643 -2367
-1045 -2440
-1887 2637
-1355 2576
-1951 1513
206 -2877
-754 2049
-1975 -2683
-1198 66
2577 -481
-2175 -613
-964 1124
-1112 -913
273 17
694 -2358
-1699 -1144
2252 634
-1211 2885
1397 2471
-767 1068
1792 -419
1347 -2675
2821 91
-2893 2148
2424 -2891
-1164 -900
1310 -2190
-1684 373
230 -2832
14 -1746
-114 2244
163 -1185
12 1989
2486 1264
1603 -2289
68 -1671
-993 1759
2948 2555
1645 1107
1471 82
-2430 661
1622 2025
709 -2743
2507 91
-1017 -2724
152 -861
694 2383
-1298 -871
-589 2389
1648 -773
-1906 -21
-1696 2948
-2115 -904
2656 -1192
2546 2734
-2527 -1560
-150 -1092
2791 1857
-41 -876
-2872 2676
1362 -2412
-354 -2189
-97 636
-1387 -1533
272 -1462
-1917 138
437 1401
319 1797
-2746 1497
-1104 426
-847 1506
2998 -2151
2250 -784
250 516
2525 1544
-23 -1063
-81 -2575
-1350 -1027
-1393 -2476
-64 -1671
153 1728
-207 -1945
-2423 -756
-374 1833
-452 -2488
-592 2645
-382 -1979
1556 980
-827 -2506
-2638 1368
1183 2855
-1195 1978
-1252 -938
477 1273
2666 462
-259 -2034
-1274 198
-511 2418
1260 2972
-369 2167
946 -1516
1195 -1703
-2099 -1928
-924 -2069
-225 37
1573 -999
-1186 -1004
-793 2515
-656 -1808
-851 -88
1244 2909
-1982 258
-696 -72
1679 -2792
2296 2537
1887 2946
1153 -2261
534 523
-2609 1074
-71 2095
2661 1241
1219 2182
422 2062
1556 -1680
2569 1490
2348 -2861
-2610 -402
503 1133
-2713 2272
1677 -19
2927 1574
1648 2478
-818 -2539
2131 -1097
-544 1750
1657 -1839
-191 -620
391 2209
546 -1582
-1894 -295
-1019 -76
2290 -2452
-2585 760
-1253 -278
-747 -1941
-1076 -1295
914 1008
-2856 1172
-844 2938
-1319 -139
-815 -802
-108 1775
2626 -531
988 2008
289 2049
1868 -2804
243 241
-1613 1396
212 9
-2677 -2315
925 408
2473 -14
-295 -2727
-119 -335
2491 1317
198 2538
2997 -2928
1108 2179
-1439 167
-1627 -2691
-2656 2515
-2718 -1091
-2203 -2818
1536 -601
-191 -2193
765 2211
-777 1835
1674 2597
-234 900
420 1996
279 -2037
940 1027
451 -2206
-1997 -763
1271 -2651
1862 2318
-581 -939
-2914 160
-669 1049
816 -2084
-1756 1433
-2798 -1543
-1028 -626
167 981
-822 -2634
281 2285
-2148 1072
1150 -242
-1892 -2329
-2957 -2809
1540 1829
-1452 1718
2166 -1124
-776 -2654
952 -2483
-44 1823
2620 -2106
-133 2268
2547 -2068
-545 2590
1720 -1314
1830 -2725
-1244 1337
-1597 919
-1789 805
-853 -897
-2186 -539
833 2711
-2165 827
2837 49
843 -613
1936 374
257 -488
662 2879
-2929 -1297
1 -898
-2489 -2190
-1171 -314
-1452 1559
-852 -366
-151 896
-541 -2070
-18 -2495
-142 -463
2553 1344
-695 736
2626 -2192
1580 384
2181 537
2872 2776
-2800 -2014
-2462 -2799
-893 -2489
-2076 608
2797 -467
-2383 181
-930 2614
2605 -80
2370 -2953
1755 -2667
-1878 766
-2676 2343
1420 -1011
-2379 -2163
1608 1314
2231 2950
332 -1728
545 1299
-702 -427
2537 1067
-646 -738
2710 -1354
-2174 2526
2802 1982
-1207 -1179
-754 -554
-1111 -2611
-741 -1409
-1658 82
2290 -1503
1392 -2986
-883 2723
-2666 -716
-1891 2362
-1315 18
2533 -2236
1461 165
-926 1040
2835 -2605
-1497 2507
-2766 1001
2385 1150
-1705 -621
1438 -1480
-97 -1261
2161 2893
-746 -2176
1636 1234
1817 2264
-342 2017
854 1055
1300 2019
-2049 2365
1053 -2692
-482 -160
-1683 665
-2919 -1964
1986 2132
-528 -2194
-328 -427
-1586 2054
-1658 -1527
2156 -1205
-1634 1183
317 -651
1766 -1773
-1061 -2820
-1830 579
-318 1759
-2166 2063
-1510 389
-1556 2246
2957 2495
5 1653
1797 1505
-1251 1674
-578 -1036
354 -2857
1441 1939
690 2256
2659 1399
2767 -942
1032 -1436
-2547 1574
1643 -2272
-1197 1628
-1081 -1319
918 -2717
414 323
-1744 -1565
-1793 2736
-15 -1992
-995 -315
-1244 -1658
972 -525
-2477 885
429 -512
-2767 -2108
685 161
-2486 -2928
-514 202
542 661
-1418 -551
314 -2822
-2914 -2619
1339 1187
-459 604
2135 -1103
572 1889
-1918 -1643
-276 -975
269 -1162
2487 1567
2434 1418
-887 -18
-1928 -1277
-1739 -145
-790 -2230
1997 2579
-1008 -1933
1657 -1581
-545 2933
2876 2735
2856 -1259
-2108 2554
1073 -2419
1896 2464
-1583 869
1120 -1165
1978 1966
-704 1411
-1791 -2082
-2726 -1930
2095 -538
-1766 1662
-1577 -2971
-838 1208
738 -457
2231 -930
1346 -66
-533 444
-1243 -1076
-1465 2593
2139 116
-1158 -2620
-394 2999
1203 -251
-2980 2369
-1932 -334
2520 167
864 -690
-1089 1369
-906 69
2314 -31
2751 -1338
434 1357
-2325 -2529
-242 2455
-1967 1835
2256 -2797
2734 2571
191 -2258
-1026 -2210
171 2391
1293 1103
1986 433
-1949 185
-1347 -2325
2872 820
2208 2939
997 898
2185 1123
2336 1679
-2097 1057
707 -2525
2341 1968
1535 -2622
2912 2799
-1794 1643
-2700 -799
2413 709
-2774 1252
191 -753
2094 -1143
-72 -2466
-1491 -1246
-862 -1211
2130 -1487
-1846 -1617
-2765 -1176
1383 -668
2150 -13
1319 764
209 1714
913 -1905
-149 -1575
-1718 -613
-2630 -1223
-380 2219
659 302
-2596 -2848
-2264 967
2843 1443
-1644 -2024
2410 -591
1919 1628
562 731
-1905 357
557 -1003
-1063 2215
943 -352
726 -1204
1688 -1093
2899 893
246 -363
-663 -1066
1498 1458
-1987 2649
-1030 16
-2350 -1895
557 1791
-2013 2806
1624 1638
2896 -1245
-2808 1105
348 1325
483 -1407
2526 -1429
-926 636
-1866 1211
4 -598
1640 -2417
-1345 -867
-1485 -44
-1954 -1118
-632 -2118
-318 -395
-2520 -2253
2448 762
2792 -1111
-1365 50
934 1362
-2099 -1887
-2644 2073
1861 1186
1775 -1384
1060 1835
2303 -1812
2599 1471
286 2408
-2886 -589
1963 778
2276 -651
-294 673
2817 1425
-1637 -2037
-2109 185
2238 -155
1105 -2788
-39 -2503
360 -2006
-1359 -1914
-1621 1144
528 1116
375 -2638
-1786 -776
2391 -2055
2036 2441
-1645 2618
2149 2891
-2946 -2259
638 -157
-2487 -2792
2550 -2232
1950 2043
2859 2480
470 1047
-192 -534
356 1176
-1667 -1044
-1800 -2883
803 -1409
1760 -1899
-671 183
1424 -2824
764 2740
865 -2631
-1830 194
-800 222
-997 -2479
-2074 -2371
2360 -727
1384 -1438
2347 182
-49 -430
190 396
2820 -1266
-1784 772
-2869 665
2873 -2383
-155 -85
-7 457
2191 -1127
1183 2508
-2254 2470
-2053 -1402
-1932 -725
-1380 1976
-891 -1302
-2937 -2861
-1260 -2460
-1520 2331
-907 2936
2164 -367
1814 -1608
-668 2701
468 1748
-1383 56
1135 -2140
2016 1366
588 -1437
310 -1346
-2444 -1440
542 2894
-1685 -280
2539 2543
2628 -304
1178 -755
-2591 -894
-2512 -2032
-2641 1413
939 -644
773 1522
1625 581
-784 325
-1900 -320
1504 -1954
2895 1769
957 565
186 -2067
1585 2656
-2783 -1684
2729 -2206
811 -1955
763 506
-1939 -2588
-869 -2833
2435 -2279
-446 1189
1602 2084
-627 2249
-1706 2934
1531 1686
1227 -1230
-1415 -1278
-2931 718
2534 -324
1840 -1245
2102 -2398
1098 1100
2853 2959
-735 -243
-101 -2352
-72 1510
-2153 -2756
-2040 376
-145 -2502
-1499 -1081
2134 2419
-1572 -671
2291 1973
-228 -1928
-1426 1098
-1006 -30
-202 -1530
1717 2889
-2985 -1834
-1394 -1191
-2662 -412
678 58
420 -132
-73 1137
-1086 -2232
-630 -2069
437 -976
1447 2377
1266 2971
-484 -2495
2733 2567
698 36
2278 -1613
-1775 1096
2118 -1173
-2736 2697
2267 -2971
648 -2702
-1367 -945
696 -1636
-380 -1086
1020 -2967
2068 2467
1823 -2163
-2964 2488
-1003 344
-151 2468
2971 2566
2988 -1291
281 -946
-318 666
-1478 239
1316 -258
1064 610
-1130 675
-2760 2556
-650 -141
2501 2300
2900 2935
1540 2026
-497 2403
-2958 569
-2388 1820
935 1698
880 -1880
-1941 1045
-108 2158
-2892 454
-1233 2227
-649 629
2621 2403
1756 -1495
-2432 680
1829 -648
2597 -2396
942 -2896
-845 723
2316 -2898
-204 -1195
363 -2605
2737 2478
-2288 2895
-1042 -827
-2487 1085
-2053 937
-1790 -497
-140 -2518
-268 -2148
2316 545
1678 -969
-1310 -2569
-1654 2258
-592 -1685
-157 -1836
2704 741
1736 337
1578 1425
-1249 1318
-2286 2652
919 2867
-2293 -2773
1849 -1802
1627 -942
144 569
-32 2997
-1675 -2305
2053 -2673
1750 -724
1637 91
1351 -2403
1965 -728
2485 2308
2106 1894
-425 -2907
70 -1749
-2250 2552
-2234 833
-71 -2726
1361 464
627 308
1145 -1844
33 -1968
-2302 -2328
-247 -2476
698 -771
548 -674
-1 -1619
1842 -1144
2295 2865
677 2934
951 -2340
1077 -806
1233 -162
2793 -2891
-912 943
1649 2797
-2591 -1524
224 2527
-2946 -498
-1086 1736
-1791 417
-183 -2202
1711 1976
1464 -1399
2983 -2358
2198 -1593
2103 -2242
611 -590
-2959 -844
132 -2157
-212 501
2276 2597
-1555 -2955
-1878 -1932
1935 1846
511 -108
2958 1170
-796 -705
-173 117
-2405 -1358
-809 1235
-4 1272
1000 473
-324 -470
486 -2109
-1707 2672
-2012 -2184
92 -937
1551 1033
-858 895
-1742 -2137
-759 -343
-936 -519
1396 -1012
2487 -575
1387 1110
-1097 -1750
-2228 -2157
277 -2476
1992 1040
-2225 2373
2651 358
727 217
-1293 -1149
2021 2149
476 1705
1915 -1195
-2213 -1394
-1445 -1529
-2136 2425
-2778 -260
2530 407
-1431 -644
-2263 664
-698 -2665
903 826
