4000
1678 2004
545 3681
3479 2771
1773 1096
638 -638
21 3035
2735 1713
-1047 -3353
1250 -1381
2039 1818
-3626 2108
2254 -682
-690 2214
760 -1119
3022 3698
-3123 -573
3575 -267
-607 -1934
1988 -1631
1774 -616
-4 -3067
639 2187
931 3169
3082 -3625
-3838 2328
-3233 1073
-871 -380
-3993 3381
-2882 2024
506 -638
-1251 -3100
2699 417
3779 3275
1501 -1982
-2712 880
751 2549
-1024 3309
965 2502
1638 3630
-2494 1203
1964 -1378
2388 -3331
-996 3538
2008 -1105
-2355 -875
-1097 1440
263 -1811
2493 -2422
3796 -3062
644 -609
-2533 -362
-2874 423
1368 3058
-1500 -961
1158 -3318
-2991 -3000
2087 -1689
-1151 1310
3276 3353
-3005 -1351
-1393 570
-1005 1528
-3712 -752
-2255 -3869
-84 3866
-2780 2839
171 -1858
3103 3160
2628 -2914
1429 -757
-2161 -654
-1417 -1065
-3548 -1825
3775 2221
-601 1819
1342 -3786
1787 1860
1507 -1287
2062 -1732
3300 1109
1627 36
1496 2061
1783 785
147 -3860
-3315 573
-644 1897
-283 2665
-3733 -981
296 -2483
-652 3119
-3401 -547
3691 1999
2022 2650
-310 256
290 430
-2566 -3907
-3021 1419
-1567 -759
2721 1187
-488 3812
2220 2465
801 -2203
3831 1897
-3257 2352
-2366 -3294
1481 791
1871 -1424
3063 3396
1018 -2143
1299 181
3391 737
-665 489
2121 -809
-816 -1935
-3522 -2754
-1741 322
-2948 -1112
-3876 1821
-2991 -1829
1780 -2522
-1987 -614
-1840 -577
-2977 384
943 -1003
569 1901
-2229 1348
1420 -1823
2191 360
719 3996
2871 -2706
-2647 1065
-2068 3254
-2965 714
1233 3592
-1342 967
-500 826
-2913 -1776
-1073 -1974
1227 3242
2632 -2345
-2911 -2800
-3706 -3689
2436 -1358
-808 3093
-3170 448
3255 1706
376 3469
3995 -1962
-560 2406
-875 1835
498 2076
-74 -1090
-2583 -130
1521 -1509
-2472 -673
699 2887
-2507 550
372 -1118
-3766 -892
3317 1125
-854 2940
3865 -2460
-3443 1960
36 2231
-1755 -1496
1006 2306
-359 639
-2919 -2533
-352 2747
-254 -2477
-1847 -1462
287 -827
462 -2175
-1881 1341
3255 153
-1068 3907
1253 3157
-1330 -1610
639 -2846
-1636 1174
-3926 -2685
-1625 -2782
2662 3421
-1248 -1145
-2622 -256
-2961 -1574
-2211 1696
2528 1064
3533 -1026
228 -2621
-1818 2608
3215 -276
-1389 -1639
1649 2439
2886 746
-1927 -1739
-832 518
-512 1108
1440 -2565
1332 -1792
736 2115
2211 -3411
1788 -2296
246 -1703
2090 -1331
126 -2207
3016 3834
-3816 -2928
731 -156
1916 -2549
-3902 -3166
-1565 -2784
125 -1060
-2896 3746
348 927
1769 1323
1318 -2886
-1736 3102
-53 1085
3932 3542
302 2081
-3026 3877
-2208 2989
-15 599
2135 -1260
1600 3699
-857 -699
3794 1177
-2089 2643
-1601 1663
-3613 3624
1974 -2551
-2016 -2892
-142 -1579
3396 -2141
-1212 -1706
2729 2746
-2889 -2370
-643 -2510
-2171 -3536
3118 273
-3649 -2818
-2102 -3109
710 -2076
443 1042
2040 3815
-2348 1905
779 -71
-3869 3642
-1169 -3169
-1310 3917
516 -99
1802 -3475
-1945 -3173
1790 -3343
51 2567
3045 -3278
1531 2686
-968 1367
-1164 -892
-313 211
-366 2360
3209 -1637
396 -2433
-3033 3303
-2062 1598
-3305 3181
-563 -3190
3378 -617
-2567 1513
3931 3375
-3363 -3167
1336 915
3317 51
-2812 -1682
1950 99
-2847 -1619
-1452 1050
-1524 2939
2369 -451
3010 2500
3293 -3051
-2024 -392
-3139 813
-1892 621
3277 1526
-2954 -3472
-3655 -3518
-1772 -1265
-1887 -1184
340 -2821
3730 2928
-2147 -2209
-559 -3857
-2270 -123
-802 2530
1438 725
-2579 -865
2083 -3098
330 1759
754 689
-3389 2706
268 -3027
-1549 1671
3890 1163
1120 -2059
-1650 3687
-3159 2877
-1035 -1774
3090 847
-3098 -858
2625 649
-702 -1080
6 -3974
-1705 2412
-3604 -3720
-3656 1646
3556 -303
635 -855
-2275 3378
730 2226
-2511 233
2826 -2160
-361 1893
-1510 2090
-3925 493
-2332 2218
1905 -1229
-1973 -2000
1322 -1698
581 -1136
2466 1538
-1359 -1633
-2269 1944
3673 3998
3668 3783
914 -3278
511 1202
-3182 1863
-3009 -1359
-3479 3781
-2093 3948
1970 -1897
-3061 100
-614 3145
2304 392
-1542 -313
-1339 -238
-1781 -3453
-1406 3986
-3122 -1532
-1799 3816
1373 1517
2561 -1029
252 2734
-3287 3840
2719 -2445
3377 -2852
-3968 -2254
-1009 1782
-228 -2779
-3615 -2784
-2711 -389
465 -119
2125 3793
1001 1388
-2819 -2094
-3393 1627
-2165 -892
-2459 -3274
1608 -2690
-3624 599
3040 -85
-612 -3251
-298 3365
-3062 -2460
3429 -1472
-611 293
-3434 1229
530 -669
-3947 -2167
1035 -2763
1953 2566
874 -1854
-1426 1732
-3793 887
-2236 1737
1327 528
599 -108
378 -780
-442 3672
3931 -1240
2657 -3765
-1154 -981
-256 -975
3403 -2526
1517 -3070
-2783 -1742
710 421
1811 3504
1896 -2591
-514 -2449
3596 -2089
1848 3486
3305 1646
-3504 1478
-3282 1688
-2294 -2119
-410 1026
-1265 -3493
1347 -3245
-1425 -3873
-3387 -2646
-1634 -445
1813 -3811
-1738 2486
216 864
-3294 3188
76 195
329 1732
-3185 25
83 -3951
1378 -757
-2330 -538
69 1803
1133 -1771
3119 -2359
1025 1304
-2071 -381
-692 -2557
-3749 -3866
117 2920
673 -1285
837 -3715
3734 -1767
3524 1981
2923 1658
2121 1409
1516 -3493
2875 -709
2128 -293
-3169 -1409
-2061 3717
-3920 -2589
-96 -420
491 1902
1006 3303
-1708 1362
275 -2112
3899 1424
1323 -968
2796 2352
-469 2329
-3493 -3053
-176 594
2044 2870
3317 -3100
-592 -854
3613 3225
-98 2863
2204 -934
-1366 -3714
-2167 -359
285 -3068
2008 3524
1141 -1786
-3939 -483
-3021 1593
-126 724
-3574 1699
-3569 -1790
1745 -3176
208 3516
-2451 -3101
-3307 -1421
37 206
2697 -202
1784 1024
-2262 -1530
2198 -552
-1215 -1571
-2000 447
-1621 -507
-3456 -583
2721 1380
-1129 -1631
2609 3401
-1697 2733
-66 2311
3805 -537
-32 3614
-1536 -337
-2890 -3630
-1608 1128
-1871 3533
3641 -1463
-982 2539
-3376 2085
864 2869
3197 1210
207 3807
1346 1364
-69 -1465
403 -2866
-2794 -2404
-3073 3007
3645 3817
-2506 1429
3906 1082
-1553 -2529
1438 -2033
-3625 834
1191 1486
-2056 -1746
-3482 3733
-847 -2737
-3957 -1644
887 289
1124 -785
3189 -2437
2139 3501
1443 -1908
-2578 -421
-68 3421
1308 -2460
3011 1861
560 2773
3335 3559
96 3068
-941 3730
2624 32
-2292 -2711
-2963 -371
1290 3895
3858 2353
10 1953
-2714 -2940
-3098 1664
1920 3333
1994 -1418
1988 -1370
-1930 -3459
1099 -3024
3158 -1880
-1039 -1344
-3765 2416
-2300 -2037
-2537 3568
3446 -3970
836 1524
-3900 1599
-3197 1070
250 2688
1848 -3218
-2097 1108
2408 3668
-3209 1328
2047 -1184
-1579 2510
832 -1574
-1649 -8
2267 -1585
-1418 3976
-200 -287
1849 -1545
-735 -2532
1616 -3565
-3157 1125
1411 1491
-2420 975
-3370 2425
-3467 -3664
-3924 -1629
-2154 3882
-3945 -53
-1020 -1125
1543 -3924
-1431 910
1451 -3769
3332 -1587
-259 2464
-2505 3212
459 -322
-967 -3197
175 1768
1093 -2240
281 1887
2123 -3105
3224 -3857
-1592 -1889
3093 4
1905 -3404
-457 -2924
-3842 1832
1796 3655
-43 -805
2403 3883
-972 -3358
3649 1350
-655 -1834
-2246 -2387
-1165 -2552
1953 -1064
-3932 325
2919 1879
2393 -197
2111 -2298
1685 -2191
-302 -3255
2422 -1963
1315 3243
-819 -3131
-1630 -3312
-387 -3047
780 -3812
-1308 -3547
-2399 -3285
809 -3458
1298 726
1141 -3036
2524 2165
-454 2245
160 -2357
-1527 3554
1213 3309
-1940 3268
-3175 3966
-668 -3411
655 -115
3135 2123
2442 -150
-2322 -663
1328 2956
-2591 121
-2088 -1395
170 -1236
-297 1234
-2038 -2630
-1534 -3647
-2111 -3779
-2450 2792
3822 -851
2737 2882
-3298 2094
2857 1173
2708 -1859
1204 -3480
276 3931
-116 -2713
1406 1089
2578 2722
2565 2811
-2265 3025
3057 3256
2230 1516
498 -1462
-970 -2520
356 3225
-2617 3985
-1315 3248
-428 750
-158 -1803
924 -2299
-3439 -3711
-2463 -3009
1008 -683
3035 -1695
-1878 -719
703 682
971 -2493
762 1348
-147 3635
-1466 -222
1071 109
-2013 -1483
3346 99
-3244 -2733
353 -1428
191 -557
3149 -1244
3818 3387
2609 3416
-1695 -2562
-1651 3584
-2102 1344
-1248 1122
3560 -3263
2736 3871
-2573 -146
1248 -1290
-683 1368
196 -603
-524 -3712
3424 -1598
2400 3058
-2959 -142
3306 -22
3880 -818
-1022 2601
2875 2985
-3089 -2182
-1081 3484
3894 556
-2641 -158
-3447 1300
-3910 2843
-836 -2004
1078 3737
-2670 703
-3642 -2452
3462 -2061
-363 1602
3708 2570
1743 -2438
150 -3929
2991 -1046
369 1535
1181 1935
1731 867
-2162 3309
3024 -757
909 -3370
2454 -3255
366 2563
-62 2258
-549 3408
-772 -727
-3872 -1591
3583 1506
-1515 -1364
2439 -822
-1571 -2008
1761 1512
1184 1882
1017 2753
982 3543
3971 -1429
-642 -1718
3111 -328
-3776 -1345
3805 -1494
3297 -3498
-2480 -834
-840 -3897
-3504 572
-1059 -2163
-2173 -2044
3316 -718
-2723 -2297
3266 1931
-3145 -2580
2389 -1413
-1436 -2737
598 3264
-3190 -690
2854 477
-3221 -218
-3789 -1902
3513 -652
-1947 -2647
-556 1721
-1752 -3200
776 1952
-3513 -2541
-130 3473
324 1778
1800 1937
2442 -1315
-3080 -2577
-675 -3296
538 -2227
-604 2174
-2981 2218
-1148 3827
-2027 -1815
-2634 1893
894 3362
-1994 -2667
-1358 3975
-2858 -548
3314 3243
-3720 1327
-2752 -2728
-774 -109
-1908 548
-2087 1057
-302 -3315
-2922 2729
2035 1646
-360 1543
1612 -3460
1688 -3787
448 -3101
-1946 -3281
-1190 -1708
-1865 157
-2204 -534
2942 -1584
20 -2991
-2264 3059
3697 -1681
-2900 2616
-685 2898
144 -249
-911 -3401
-1791 -2108
1026 2802
-3025 1927
-2299 -2634
2090 2157
2868 3268
-723 -3559
23 2197
-1243 157
-1088 -1559
-2759 -1587
42 -2823
1078 -3491
3148 388
3847 2158
683 -1394
2766 3988
-2536 -1334
405 3333
383 1948
896 3714
-1199 -422
-3815 -1900
3778 3344
3153 1038
3059 3278
872 3637
-940 -322
3962 -3462
-3273 3241
-1039 -487
-2824 -2599
-13 -2015
3637 3892
2917 -3249
2468 -3205
-2007 3788
-1803 -3324
2678 -1238
814 1820
834 497
-916 -3567
-2477 2755
-233 -297
-597 2763
-439 -1330
-150 330
345 171
967 -1884
3253 1393
-3205 2884
-634 2298
-888 1082
1812 2996
-1597 3668
2156 -3221
-2808 2610
-475 -3459
-1918 -758
3263 3134
774 -2171
1515 -1684
415 2646
-2258 -3087
-1024 -391
-3679 716
3813 -3199
-1174 -607
-1559 -585
-609 3981
-3755 1452
2353 306
323 588
-3362 1212
758 468
2509 -2396
3014 -681
-1211 -1950
3716 -3830
-2375 3901
-3173 190
2977 -1063
329 -992
1071 2071
3671 -3949
-496 167
-1622 2786
1982 3815
3936 -1246
-3475 -768
3650 2497
-3781 -3635
3575 -1771
2743 -194
3934 -3438
2229 -3062
1602 -183
-295 3031
315 -2508
2944 836
3037 3676
-3678 3769
3429 -578
-1531 1121
-145 505
-2909 -2451
2990 642
-3011 -2846
923 1473
3367 2030
-1538 3921
-314 2325
1100 -169
-1601 -1674
3916 -3953
3750 2193
3265 -3876
1108 2707
-2094 -944
-1501 2482
-1933 3724
-3151 2224
-2458 2008
-1381 2106
2205 -3412
-3407 2019
-683 -108
-2607 -3881
-2508 -2068
3287 3356
3398 2797
-3661 936
-1356 -758
-2460 -3820
-1509 455
2103 641
362 -2638
1415 -3818
1883 667
-2333 3631
-2088 -3811
-650 287
-3350 2747
-2686 -3726
1429 -3212
-210 -2539
922 3416
3571 732
2891 -701
3679 -1603
-2091 3393
2928 -3322
1788 -3769
-1642 -94
410 1950
2897 2643
1738 3703
627 -15
2053 1315
-3922 -501
-3219 2677
928 -3097
2320 2557
891 3252
734 685
2806 2953
-2716 2211
-3655 -3820
-3403 2362
-3835 1261
-2647 -568
-336 -2532
-3295 1463
3336 2594
-3443 -2063
-2858 -937
973 2633
3751 1741
1106 -655
-2654 -1448
2905 2351
641 -2232
808 1292
3148 -2879
-2171 1883
130 333
2519 -2538
591 1782
122 -1461
1281 -3725
1235 -387
-430 -2061
1339 1878
-3064 -3965
-1128 -2725
812 -2334
1454 371
3449 -1115
1823 -2195
3922 -2692
543 -914
-319 -496
2408 -512
-3150 -953
-1513 -1875
839 -1149
2018 3831
-782 -1394
-1081 -2376
2026 -1693
-1972 -1152
2141 -3995
-2177 2785
3379 -1914
-1062 2961
1999 -3190
1494 -568
465 -1856
341 -514
572 2567
2918 2945
354 3245
-1336 -1002
282 91
-2590 3910
517 -741
-3740 2769
-3270 125
-1583 -3635
1555 -1085
3707 -297
-1154 -1182
-3612 -3299
2149 2658
2720 -347
-2353 2815
2317 1325
-726 1147
-3126 3008
-584 2626
-2230 -217
-2720 59
1424 -2931
1808 2124
-2601 -1394
-1617 -3118
465 2162
-2515 -3856
-3974 -2897
-2830 -2878
3851 1222
-3368 -3777
-3276 -949
-1145 -1413
-1734 -222
-918 1289
2291 -3375
3433 721
-3108 -206
-780 -400
-83 -1914
1645 -1870
-1871 -3245
1297 2754
-1035 -373
-107 -777
3793 -3401
-2254 -2756
2668 -3101
2914 3307
1973 -2467
2950 -1667
-2257 -3544
-3857 -844
1977 581
-3254 -939
-1614 1384
-2844 1474
2722 -3925
2148 -2420
2650 2731
-383 -1620
1513 2470
542 2345
1043 -1902
-753 -1744
256 891
3022 1789
-797 2924
2690 -1907
1409 -2721
-108 -1293
2262 3682
-608 2930
189 1878
3368 623
3663 -149
-395 -2568
-2772 -3103
1729 3156
-314 -1064
1608 1659
219 1033
950 -2965
-1668 1041
262 1299
262 2622
1477 1189
1486 -3871
-3460 1676
-232 -523
2241 -3481
23 -2216
-3570 -3420
-2370 308
-912 2563
-2251 1071
2269 -18
-382 203
-197 -3003
2088 -2142
-1644 -1095
609 -3743
-2182 -3743
1261 -1361
-3862 -3044
2059 -1572
-1045 -2495
-1899 -3959
660 1767
-978 -65
2365 -186
-1748 3464
-146 2538
2563 -2492
-3472 3457
3963 -1679
-813 8
54 2846
1321 1197
3660 -865
-2631 -2403
881 -771
-1146 2865
-28 -3559
821 3591
1709 -477
-1140 3049
-2200 -3505
-3717 -2731
-3342 2510
1225 -3792
2931 -791
3270 1074
-1353 1039
-1663 1754
-716 -2817
-1116 -3532
2216 -1448
30 -3276
-334 3715
-1800 586
-1187 -3697
-3063 1942
-1117 1461
-3232 896
3651 -855
3777 -1601
-2798 3468
-2253 -802
-1880 -3416
1726 1838
2143 -426
-2335 -1172
1420 1808
-1239 -3505
-2774 -147
-1284 -1683
3215 -1036
2565 -3209
1738 -1834
161 -1708
-1084 -3611
-607 -1093
-190 2163
-1929 -783
-780 1779
3772 -361
1720 -1976
-874 -3063
2971 3205
-1153 1203
-1630 -825
-1711 15
1902 -2779
423 -2452
2956 -1249
2938 670
1680 3213
3752 2600
1446 2720
-728 3633
-1347 3220
-2911 -2661
1290 -3505
-3350 -455
-3299 273
-1259 1517
-2313 124
-1555 922
-2165 7
2187 2767
-1884 -3193
-774 704
-1772 -3340
-642 -48
2557 -931
-338 -3007
2687 1251
316 -715
-3244 -2773
814 1535
-2146 -764
-3948 -3985
3661 3958
-1127 3248
-2252 1502
1870 451
-2194 -1330
3303 -32
-945 -269
1682 3213
-1290 2880
3516 571
-1265 2492
1389 -3538
-3371 -1128
-2196 -3680
1993 -3306
-2643 2763
492 -1402
-3641 -3722
-1156 2979
-3812 -3549
2901 2469
-166 -3852
-3120 803
-189 2463
-281 738
992 -1863
-2071 -2289
-3667 3212
1621 1788
3349 712
298 1269
3772 3426
-2944 3734
-3524 -3003
956 631
-1572 611
-1659 1038
866 -2618
812 -2061
894 -934
1706 620
3151 8
-1295 -2900
-512 3408
-2892 -2462
1476 1183
3748 1448
2608 -2781
1747 -1568
-770 1007
-764 3921
2994 497
-3180 -685
2810 -944
2141 64
586 1405
-2960 -2632
2115 -2721
2407 3934
1368 -1073
1511 10
-13 1839
-3980 -1427
-2173 1605
-346 -3576
-3334 -417
-1987 1817
1781 2032
1031 2010
1668 -1448
3952 -322
-1963 -3013
3325 1999
-172 -2623
3960 -111
1899 -2399
-1276 2715
1502 -1800
-2331 1681
-2698 -1336
3116 -2641
538 1921
-2871 -662
245 454
-3100 3463
1979 -1856
3593 1806
-3107 3103
2122 -548
-3463 2146
2572 -2292
-3859 168
3068 -1843
691 -2255
2382 -2989
2713 -3423
2076 -3663
1694 -3764
2607 2530
1817 922
-26 -3567
2199 -3420
1680 269
1047 -922
3621 -972
2541 -1139
348 3045
1110 -2694
832 -3070
3238 1912
-2292 -1604
-1644 -352
2636 -3274
-2422 -2756
2204 -3181
-1460 -3030
1702 -555
982 103
2348 -685
3640 -2197
3747 -882
-1544 1595
2013 -2626
-1839 3949
1911 2238
1173 3838
1381 67
1651 -1158
-748 -3246
-2480 -1764
391 579
8 -102
3491 1778
3291 -3318
3550 1219
-614 1099
-3054 2172
2467 -2904
-1949 437
3204 -1322
-3452 -3850
-909 -679
-3534 -2610
109 3702
746 1041
-3583 -1444
2346 3474
-395 3532
1696 -398
-3641 -1841
-3498 -3613
3331 1256
-660 3216
-2378 3825
526 1508
-3354 -1894
3010 -544
-2151 -3575
840 266
2946 3958
492 2299
2146 -2385
-1961 -1133
3641 1217
1250 2111
-1341 792
-2444 1382
3020 -798
1985 -3373
3552 -819
1305 1492
1138 -1239
-2767 -1691
1055 3475
-2026 3754
2317 3342
-314 2278
-2898 -3551
1020 -3010
-2220 -1743
950 2638
2015 -3273
-779 -788
1181 -1692
1005 -3076
1525 -3100
1272 1359
555 -3350
-896 2897
-297 -1137
-435 1024
-3681 346
3463 -595
3403 -570
-2310 3650
-1522 378
-1527 206
-1125 -1741
-263 -3953
-1771 3752
-2190 -3999
-2777 -3486
-113 -364
65 -3976
1389 -2012
-544 2634
928 -2006
3478 720
-1425 -801
3025 -1143
-789 -76
-440 -3107
1374 1970
1446 359
-1671 2700
1343 -999
-2106 2683
2183 1734
2713 3871
-1304 -715
514 3955
2485 1961
3552 3883
821 3156
-1512 935
-3082 -1802
312 -371
2967 -1102
-2872 -2666
2841 3922
-1404 956
-1320 -3536
1159 2678
3652 1834
638 -2117
-1986 -1607
2231 -3383
1447 -1781
2845 -3498
-954 2517
-3946 -633
3554 2619
1145 -491
236 123
-3169 1655
716 3966
-783 -1601
-1725 976
-700 -2900
1190 2416
-1683 -3789
-3488 -2956
-3657 2685
-3429 -2544
2976 825
-1258 -1134
-3539 -1918
11 -1759
2985 145
3988 -123
190 43
-425 -3476
-3824 3276
1400 -2887
-399 3159
3047 402
2153 2415
-275 3456
386 3968
-968 1327
-2613 2267
-1873 -3520
-3115 1247
-3149 93
3529 219
-2547 2395
-1059 -780
3075 3472
-862 3187
3463 1841
-438 931
3624 2882
-504 -869
-2262 3628
3379 -2037
2058 2289
664 2087
3792 -3203
-2576 -2391
-1890 -712
1774 2470
-2899 223
-1896 -289
-1410 -1126
-195 3190
-1810 -2033
3710 -1335
1152 -2326
671 307
-3468 16
2863 -240
-265 -306
1818 -1018
560 -2251
-1051 3240
-3312 730
-2712 1810
3351 3643
-2422 1933
-378 2617
2636 -818
3973 -3637
-3843 414
74 -3386
3926 3258
3506 3236
-2104 -3597
2728 -2600
-3460 -1651
1695 1142
-3277 -3005
2528 -3033
3475 3434
-20 3976
-1749 -3987
-344 2880
-2745 -2947
-2007 -278
-3055 3150
-550 476
2617 2446
-1151 -1031
2015 -3164
-663 3336
-1905 2659
3629 975
-56 -611
1256 1678
-1168 2493
69 2514
-3211 -48
-3088 -1340
-1390 2993
-1374 -806
-478 3147
-2039 -2275
-3479 -120
1157 1923
-2396 -1420
-1816 -2589
-3554 452
-1628 1777
1846 -1585
224 930
-1101 -2902
1839 1430
329 -2837
1924 1410
2201 925
2648 3936
-2266 -2516
1483 3294
3214 1469
3957 -1552
-2148 -1647
3172 3466
-910 -83
3020 -2507
-2189 433
916 1011
982 903
2549 -270
-2404 -2277
2385 -2292
2613 -1822
-627 -2796
3003 3816
-3769 2551
-1355 1250
-309 -3853
1062 -2429
-299 -2787
721 -2313
-295 -3860
-3240 -3158
1437 -3322
2120 -2768
-3775 3181
-2745 887
-1979 -1589
-1983 -3722
510 2415
-490 1058
-2121 3613
-3397 -1494
-135 -513
1709 -3705
2361 -3603
-2159 -2655
2218 -3992
-1018 -1975
-2315 188
-3533 1894
-3689 2123
-2268 2812
-2459 -913
594 37
-1975 2372
-3658 3022
-2280 840
-3620 750
3851 -2669
1516 1740
2621 -203
1047 2358
894 601
3135 287
-3191 2138
2388 1145
-1289 -2227
1704 -3536
799 1550
-3069 -1206
3930 -3408
-3451 -559
-1354 -2388
2185 -804
1712 -3994
2727 -2423
-1589 -643
602 -2431
990 3561
1682 1819
1780 -800
-3885 -2802
1942 -740
-3965 2455
635 -1160
-2259 952
-3330 -3360
-997 -1780
-2528 152
3908 -1215
-2344 -693
660 2893
3995 3327
3642 3528
-407 -3556
-699 -1580
3975 3189
2551 1997
2729 -3603
2512 2500
-1589 1375
1827 -3567
2159 3585
-3042 -937
1884 250
231 3269
3727 -65
-831 -1665
672 -2917
564 -2118
3291 3065
-1101 -1043
2900 -3532
-3739 -3108
1380 2926
-3494 -886
560 -1629
-3395 -366
-853 -2437
341 -937
-2386 2534
3496 -38
2537 913
-1115 -3549
-1023 1304
-3764 -3941
-1620 -8
-1258 1922
2840 2885
-170 2905
3229 833
-2969 -960
1553 -1296
-158 -3530
-2153 3320
2298 261
2878 -478
-2769 3684
-2384 -3103
-1623 -3957
-3982 -921
-1304 -3798
-3178 -2152
2940 557
-785 714
1957 3093
1322 354
-271 414
3903 -1689
-1333 1262
-1041 -3729
1378 3607
-3527 -107
-2706 274
2100 -3921
-3109 2318
-3393 1638
-2501 1254
-1040 -447
2426 -1900
2406 -224
830 -1032
-1140 -2832
1606 3615
3272 -2622
-2351 1056
2327 -3558
3670 -1283
-2635 -1363
-2683 -3476
-1890 -2832
774 -3141
793 571
3280 -1701
1623 -3415
155 1240
-3970 -1403
-374 -297
-2347 -392
-1654 -251
245 -971
2547 -3863
-1743 3006
-3688 -3187
638 -2707
752 226
2454 -2108
3504 -1377
-2449 -3426
-3871 3861
462 -3615
1694 -688
2006 3044
385 -209
2878 2067
1366 -187
3677 679
3735 -2708
587 1376
-678 -517
-3905 1102
-2289 -3974
3706 2935
-1273 1714
3735 -2368
-837 2709
3013 972
-3615 1320
-3804 -3510
-2696 1945
-848 -3121
119 -1335
-2974 1823
2472 -3671
199 3612
2253 -75
-820 24
-517 561
-3764 42
2789 -1835
-3651 -2245
-209 -2310
-839 -3206
-2787 -727
2217 2963
362 -34
607 983
-197 1696
-440 -3221
-1948 3334
-2287 1266
3564 -3684
-208 2744
2886 -2601
1787 -3814
3407 -1344
2432 3609
1250 1253
2513 -1720
865 2982
660 451
-1805 -1311
1356 1167
3423 -2712
758 -119
-3172 -2898
-223 326
-3462 -2621
185 1660
212 1812
-451 -892
2729 473
-3262 -3097
-3046 2610
-3161 -2971
-2551 1568
-583 974
868 -2646
1525 -2655
2393 1632
-2451 1154
-1640 1522
-2535 3747
3533 457
3935 -3288
-2884 151
-1235 -711
1198 -2055
-3903 3994
464 -2450
-3763 361
-2418 -1804
-2999 -250
1098 3093
-915 1149
-184 -3658
2095 3348
1629 1588
566 1829
565 2850
-3643 -1839
2201 410
-274 -2256
38 2245
-2692 -3789
797 3385
-3357 -1176
-2229 -2925
659 -101
-978 -2993
-555 -1117
-1998 -1064
2741 -3094
-3195 3974
-3552 1571
910 3415
1848 -2235
2899 966
3924 -347
398 -2948
-3342 2102
143 3829
-1826 1588
-2635 2031
2237 -305
1970 -1057
-2203 -2541
-518 -2531
-2107 -920
-1716 1600
844 893
3584 921
3136 -1799
2859 3439
-943 3483
-2447 -2830
3959 -2661
-1944 -1256
3618 -3932
915 -2473
2942 -2162
-2882 870
-1648 1410
-279 -3865
-2214 -1733
2257 -1347
-1906 1466
-2716 1898
-2629 -472
-144 2451
-1282 -1569
3277 -1844
1600 3413
-925 -1278
3653 -964
-2763 -12
3087 -2049
-3274 -2286
-999 3587
-1503 2895
-222 3281
2502 -3289
-1389 1300
-458 -2937
-1238 1247
-2956 772
-3720 805
2822 -1049
3326 3324
1418 1067
-1952 3357
3727 -3397
817 2611
-2812 443
1195 859
285 2198
-645 3576
3197 -145
-2348 1759
3928 138
-110 3700
-1029 -1481
1220 -1873
2336 3551
2377 -2839
-1618 3063
1555 -3337
1670 -584
-513 394
-2312 2835
-3163 -856
-1948 -3675
839 -2756
2228 -907
-629 -1962
2360 1509
-3482 812
-1341 -2373
1806 3631
1165 1839
3059 -1745
-953 3133
1134 -550
381 -3328
1949 184
-3869 -1266
3694 602
3508 2815
3727 3392
2089 142
-3778 -874
118 55
-774 -3759
-3766 -1871
-2587 1229
640 -2552
-3570 -3478
324 1971
2736 2258
-3071 1323
2770 -2070
2756 181
3007 3613
-1299 1602
3427 1371
3329 -2383
-2887 3042
-1804 -66
-1411 2786
328 831
3613 -2863
-2756 927
-332 2262
650 -540
-2674 -3665
3076 3070
-3964 3287
-2348 3487
1636 1550
-652 -942
-455 1651
-2087 -3104
-2420 -2923
1514 -557
-2716 318
-2661 -1313
3347 2952
-1605 -3714
3257 -1869
-1099 -1398
-670 -998
-2977 642
2612 -2035
-1991 -3544
-2708 -37
-3550 -2838
653 -2409
-3119 -1019
-1613 913
-704 3808
-795 -978
703 3332
286 811
-25 3601
1820 3286
2063 -2514
-3264 3929
1423 254
751 -3491
-3652 1123
1027 -1085
1199 3021
-463 -3867
1266 -2785
1999 3718
-3427 -581
1778 -345
2862 3332
2978 1844
-1794 3138
-1240 2966
-2837 -3543
-2404 -3069
2729 -3629
1223 -2706
566 502
-1925 3572
-1670 1026
3273 -2
-3611 -3908
-1423 -2040
-800 -1217
-2392 -1301
-1414 -673
-1973 -2442
-895 3904
161 -1132
3203 -149
1153 1762
-1956 -2714
-2413 -1950
-3052 1247
-1379 2389
-2820 -415
3305 355
-3726 -3809
-1142 330
-1839 -3490
514 3034
1700 -3558
1875 -2669
3429 2826
2708 -3684
-3006 -3776
2975 -2481
2321 -2189
1986 3
1437 -3344
1458 3473
1175 1439
-2462 -2891
225 1563
3896 -1937
-3244 2814
-3673 -2387
-2984 -1572
2944 1033
-1297 1402
-1966 -2518
2767 -801
3971 -86
-2357 -314
-3101 3195
-2112 -2612
-1577 -1434
660 -2353
-2966 -2516
-1504 -467
-1390 -2707
-2122 -2312
-3231 118
1861 -163
3294 1161
-1034 3766
3775 -76
2873 77
-1050 -2448
-2509 3582
-3920 2936
1455 2221
2773 -2860
-1206 3094
821 -2725
-2467 1517
2110 -616
-990 -2235
147 -3553
-1057 275
-3350 -1598
1370 -1739
3945 -3557
760 -289
-2604 -1268
-2185 1835
3380 695
-1141 -1055
3297 976
-3235 3182
-1291 1769
-3055 -1490
3317 -378
-2542 1086
2346 395
-3088 -494
-3257 1488
-117 1085
-3483 1713
-2762 3952
-1821 1312
-1555 -929
992 -2431
-1099 1479
-1181 -42
-2949 -250
-1637 2684
-779 -1107
-3874 -1108
-2309 -2331
-1934 664
2939 -2268
-3208 3366
-2183 -2859
2304 -1076
-1244 3968
3129 624
3475 1517
-3627 1743
3176 2675
-449 -3931
-878 3860
-3412 -2290
-2415 76
-1868 2469
1737 1627
2759 3308
1323 3921
1196 -3999
-43 -884
-2604 -1294
3796 -2236
1016 1247
1508 3960
3089 1268
-666 2610
-2586 1199
-641 -1685
-2590 3575
-1556 1783
-50 3331
824 2729
2628 -2205
-2269 3982
1635 -3136
-1381 -2099
1797 -1296
-2571 -804
-2737 638
-3074 -2333
1365 -3168
17 746
-1184 -2222
3260 -2859
2114 -1344
-1590 3821
-1964 -3123
2791 3427
-3796 3339
847 1853
325 1060
685 1836
-1200 3245
-380 583
-328 -1660
-218 3625
2440 -1500
1769 3052
3612 683
-891 1804
2245 -1203
-43 1889
2602 1668
-1926 -683
-1576 -1540
-3400 -740
2756 1492
2982 3424
-1068 156
3397 547
2497 -997
2308 1366
2002 1939
3136 -26
-620 1030
-2195 1861
-3582 -2593
-173 479
1233 -2767
-1734 2584
-1471 2335
2432 -2101
-695 3222
1105 3644
-3814 -901
1898 -137
-2736 1600
3611 -3559
1465 -3438
2173 2529
-570 -2046
-655 3090
-3163 -3726
1189 -26
2408 1069
3424 1833
-3255 3229
1212 -2160
-2400 -3521
-1021 3665
1470 -620
1173 -601
347 -2336
798 -1155
-2377 -2754
-786 772
-2057 422
-1455 -2790
1646 -1599
-735 1937
393 -2910
-2360 1069
-3668 -2736
2467 3535
-1608 1370
71 -3614
939 1669
3980 -2169
376 2720
3870 -2730
2209 -1803
-3354 2631
-1097 420
-995 145
-3684 -1274
-3621 3461
2506 1576
-2452 3724
1858 -2981
2368 -2924
-837 -731
411 -2468
-3993 1851
2441 -2306
3420 -1174
967 -212
2449 1377
-2885 1916
-1222 -2144
2160 3241
-546 -3517
913 -2580
-1078 3009
2628 -2742
-217 -279
-3550 2057
3018 2446
2261 1024
39 3965
-1818 2300
-1356 -3123
-206 3278
180 2425
2583 -3747
-332 3673
2827 -2939
3022 -2875
804 -3329
-2375 -2230
2507 2747
-690 1466
-1768 3680
24 3454
-1604 53
2116 1336
-1308 587
-522 -1729
-1528 -2421
-2370 928
3768 2410
-3892 3305
-3063 2631
640 3049
3864 3803
2482 -2342
-3783 780
-2682 -3383
3471 587
3738 3083
-2970 -3070
-2056 -3676
2464 -3944
-1166 2404
-3708 1369
2614 -3053
-507 -3213
2625 2197
1929 -3041
-886 1160
-618 2132
-743 -693
3579 2190
3287 -2503
1545 -552
-3312 1017
-2526 -1189
3535 596
-3311 4
-1353 -2872
3472 3828
1403 -652
813 -1680
1678 -471
-1417 3696
674 854
1266 63
-417 1041
-3618 -1990
-581 3362
-3950 3235
1305 1560
3989 -3972
-456 -1883
1927 -2045
-2399 -3897
1979 -1706
-1013 -577
-2426 -2711
-1508 539
-3521 -3587
991 -3717
-2227 -2314
1363 1388
2071 -2201
3189 -1883
3632 -136
-1807 -3986
2672 -2986
-2709 -2587
827 -1156
880 2221
-218 -65
-2827 3297
-554 1485
-3282 -3932
-3568 2565
1664 735
-44 3725
-1221 -3927
-1957 805
336 3078
524 2275
-1170 -1807
-2627 -770
151 2548
-2626 -2555
-3898 -846
-2416 -36
1268 2920
-2458 3482
2359 2316
3488 -1703
-2344 3036
-3545 -3938
-817 2487
-3855 -650
-1656 255
2041 -2145
1405 3209
221 -2199
-1970 3172
-145 2252
-3695 -3145
-1983 834
1837 2507
2277 2232
-2851 -3875
-331 2462
-169 -3321
274 -2152
-3143 -1345
3474 2765
-2784 -2010
1214 3287
-2677 -1251
27 -3828
-2566 2755
3293 -3728
3906 35
279 514
2672 2536
-200 1752
1430 -516
1605 -493
-763 1016
2429 174
-2576 2386
2035 -2060
-2338 1745
2148 3887
-2232 -1455
-3116 2092
-829 2959
3326 -690
1191 -790
-1184 768
2659 -1892
511 2602
3428 -3077
953 325
831 -1603
-122 -2222
-1227 2517
-1982 3160
-332 -2942
2985 -3965
-3150 288
2481 2192
2565 -1687
1715 -381
-3945 1908
-195 -2193
-1375 -3057
2456 -1391
2800 -983
3633 1154
3459 1094
-2480 232
-104 -3563
-3035 1628
3428 -1080
-2712 -2508
3924 3103
-860 3883
268 3338
3459 2383
-769 -2250
-2512 2769
-3312 3598
-2808 3487
-3235 -125
628 3414
2573 1732
-2202 -49
-2009 -1597
2288 2486
3746 2713
603 -250
-1302 2718
2761 -1898
2296 -2232
-1363 -1706
-1161 -1235
-2217 2868
-2989 -3899
-3335 3015
-3037 -2141
-1406 -2457
1535 3448
-1983 62
-1682 -811
-2722 -2401
-2297 -1376
-1913 -2252
3470 -2395
2013 3394
2479 -629
-3773 1762
2311 1451
-921 -3636
2712 109
-1053 -951
2157 -458
-3468 -2717
-228 1792
-1967 -262
656 96
688 -1848
-140 -549
403 2244
-501 -3238
3604 -2182
3924 1182
-658 457
3750 3170
1459 2229
-3646 1387
80 764
-3210 -3420
-3260 -3014
-2815 3159
2960 555
3460 -1907
1541 2641
-3699 3153
-809 -3812
-1677 -422
398 -1727
-1146 -3854
-1656 1603
2446 1454
-498 -1070
1366 -708
834 -3738
-986 -3899
505 2471
-401 -1707
2511 -2786
-1932 3929
-1045 490
2707 -1241
3781 2543
2004 -1874
-3033 1064
-1736 -2168
1853 -2908
1854 -3760
-2439 -3345
-27 -986
2718 -3227
385 1430
1860 -2357
-776 -3653
3600 1285
-3533 -357
-2210 -3805
3930 -1891
-1559 2062
-2603 -3390
-2351 1057
3857 554
2539 1155
-1366 280
-3377 3283
-1344 -1823
-2037 2394
-977 2057
2065 -1501
3523 -1425
3256 -445
-3679 -246
-797 -1680
3958 -2353
-2787 3843
-268 1270
-2342 -56
1299 -210
-2062 381
1982 -3882
2449 1233
-1890 -106
489 252
-3117 3945
-3734 -43
686 1417
522 -1762
-1070 -915
-442 -616
-2800 -3421
355 -1468
-378 1785
-3365 581
-3123 2420
255 160
1349 -6
-2874 1873
937 -271
2446 -2372
-1833 1305
-2876 3189
-661 -1850
-2071 -910
1188 3214
1985 -1308
-3583 2889
2735 -2780
2018 646
2112 1116
2999 1691
-1334 -1907
-758 -52
-3988 3642
1801 -1507
1251 -568
759 2596
1974 -308
2774 -3572
-918 -2791
-3265 2610
2154 -1986
-1634 1773
-3203 -3615
2916 2890
2458 -2932
2941 3778
-232 -430
-1838 2743
-896 1913
1113 1822
2270 -75
-894 469
-1421 -164
-650 -407
77 1635
939 1035
1700 -3755
1691 -455
-1474 -3858
666 2065
-2192 668
2305 1036
-3847 -2610
-3799 826
2345 3533
-3001 -3970
2959 2573
-2447 3435
501 2034
2773 -3360
1722 -3770
-1259 2075
-2453 -472
3027 -369
-1200 296
-2120 3299
-1560 696
1561 235
-2836 2613
3389 775
-1692 1577
-3366 3739
-3757 2111
-3203 -129
-648 422
-2315 -2928
657 3301
657 -798
1471 -661
1187 3136
1347 3264
-1835 582
-552 -2357
-3838 1983
-2773 30
616 1637
-1244 -1540
104 -2378
237 2024
2099 -2589
1563 -1979
3279 3449
-2461 -2701
3839 3298
482 1458
-254 -1024
-3671 3825
932 649
-3409 3461
-3411 1693
2057 1865
1023 -3146
3377 247
1033 -307
2595 3303
-85 3813
1890 2202
-2912 1028
965 2203
-880 1006
-3837 1927
-1702 -387
-167 -1522
-245 1095
240 1299
1201 -3341
1548 1981
644 -852
-3724 3105
3257 926
-1637 3213
2209 419
-1240 369
-1997 2160
-1525 1641
2861 970
-3866 1551
-1704 -933
-264 2239
2675 -710
2640 1487
1467 652
2022 1895
2850 -2086
954 3686
-3476 1380
-9 -43
3123 -347
2944 -2769
-2310 -387
-298 938
2741 2200
-2298 2845
-205 -1666
3529 1892
-1798 675
2635 -2198
3617 2366
-2976 2092
1492 -1722
-3446 -1400
1651 353
3942 1282
327 529
-2086 3401
3305 -2474
-1166 -1366
3433 -681
-107 2496
2608 2408
-3687 2742
-1814 -2105
1439 -3840
3438 2308
-767 937
2722 1159
2827 2743
-3723 -911
1084 59
-830 -118
2563 -1593
1617 3713
-799 46
3107 2684
1960 719
-1267 415
3274 615
331 1422
-1468 1986
1054 -3759
-1571 3304
-1380 -2573
879 -2241
3888 -404
3441 -2057
-843 1442
-2090 1005
3578 -1851
-902 198
1602 3945
-783 3030
2539 2214
962 2843
-1672 3109
-2010 3236
2600 2748
2263 1812
1488 -1049
-1382 3982
-3060 -3589
1785 2106
-3786 -2281
-327 1433
3718 -801
-2595 -2121
-3491 1957
-2716 -1441
-1459 3994
-201 2070
3047 3439
2653 1541
3790 1526
-1446 -1282
-2609 856
3492 3204
-150 135
2587 291
-1458 -115
1673 742
-2130 -1243
1109 -2000
-1324 3383
2709 -1303
1148 -278
722 2247
-3070 1202
251 1726
880 997
2044 1286
-2154 -2995
-3727 -2856
1048 -3220
-3634 3186
-3245 11
-2034 -3795
-3734 -3040
-2795 -1292
2746 -2454
3080 -1953
-3152 1192
-3715 -864
-788 126
2056 -3890
943 246
-1639 -1098
1883 -498
348 1646
1541 3828
875 -508
835 -3712
3729 -31
2324 -2044
2993 -2580
2281 395
1821 -1085
400 -3353
403 264
-1036 -3480
-2974 1496
-2770 -1968
3615 2427
-2435 -1257
941 -1844
1945 -1871
2935 27
-907 -1910
3729 1744
3803 935
-320 -3765
-3803 -1546
-2427 609
-2016 1785
-689 2619
2866 -1631
-1264 3975
-2409 3700
1641 -2712
-3938 583
-2773 -63
3541 -2778
-275 -2508
-3575 2241
-83 671
3764 -1037
3212 -2815
1829 2801
982 -23
-1156 698
-2676 1801
2993 1703
-642 -830
-8 -1720
-2921 -3679
1394 1068
517 2803
-3237 377
-2851 -2724
1132 867
3595 -3312
219 2566
-1155 -3912
-2304 -3527
3513 2381
-1747 3038
-990 2874
-2324 -2127
-2274 -2628
-1365 -3555
-478 6
1415 -2320
1748 -108
2010 3216
1397 -2589
-393 526
316 -773
-2955 1870
-3249 1302
2014 -398
-2425 -3286
-649 1783
-3814 3900
-3009 -1618
-2885 2180
569 -657
2090 539
-223 -3213
-1789 3319
63 3149
-1180 -3037
-3646 375
3442 134
-922 -2249
-3868 223
-3218 -2406
82 566
25 -3361
-1312 -1162
1373 -2712
-423 1713
1453 901
-1873 118
2175 -2095
-1530 -576
-1870 1866
1258 274
-2235 2808
3767 -3840
-2723 -257
-3152 722
-3103 -2228
-3464 -3747
-3619 -2873
1650 -3266
827 -3419
-1090 -650
-2800 -701
668 648
80 -1651
-2790 2818
-2628 1374
3918 324
-1619 -674
916 2903
883 524
-716 2725
-590 2202
-2245 -416
1228 1352
-2775 -2573
-3647 917
1121 -674
-1881 -216
2713 -1819
-948 2042
-1312 -852
3701 3056
-1244 -2774
-3647 -3801
2450 1737
3185 -587
-542 -641
3706 518
3628 -999
2702 -538
-1590 303
-2842 2241
-1875 -3912
-2735 -3226
-3632 -2969
1931 -1889
943 1724
-949 2678
-2438 -3833
-3028 -3346
-769 -853
-3741 -1392
-2005 -820
295 3363
1970 3995
807 -302
-3768 -948
-2106 -3907
3885 1017
-3493 963
338 881
-1763 2675
-2079 -3029
-1060 1443
1406 -1627
2083 -1492
-1879 3851
-1771 -1861
3154 3629
358 350
3593 1817
2208 132
244 -166
-1899 3516
-3693 -2408
2434 -3046
3028 -626
-2621 -2400
3645 3464
2989 2419
1734 1283
-1110 -184
3396 -3703
1242 303
-1209 -3640
2237 -1366
-1911 -3609
-1722 -332
-3489 130
1279 3816
-1535 -699
2681 -2234
-1043 2219
2677 -643
3335 1864
886 2621
-3990 -106
-3045 449
2652 1855
-386 -1172
-278 -830
1289 -2644
740 -2311
3020 -2124
-1272 2201
-194 1
-709 -1893
-1638 -1831
462 2766
-2846 755
-2745 -2518
3160 -1796
1430 -1351
-135 -3969
160 2363
2030 -3775
1964 2304
2911 -2292
3872 2531
-3789 163
-864 -498
1781 -2228
1046 2209
1691 2449
-2326 2275
706 -1724
-1843 3068
1196 2034
952 1782
-2443 -902
-3997 3287
3280 1980
-3919 -1176
304 -522
2620 -1461
-876 -1195
2971 605
-3435 -3647
-1741 -1641
-2814 -3231
1826 -1604
3755 -526
692 738
3516 -857
75 -2857
-2752 1405
888 -2024
-2149 -2698
3123 -2157
-604 -3251
-1221 249
-2326 2716
-106 -378
1419 -2816
-38 880
899 3505
577 938
965 -1382
2548 2798
1350 3908
2253 -797
-1214 -3877
380 1503
-3230 464
2314 67
1110 154
-1184 1777
1057 3266
-2603 -791
709 -1998
-3324 713
3413 1694
2331 -2892
1021 -250
3187 -2966
-2709 -2394
-2088 -3911
577 1645
2191 1899
944 -1948
-2764 -3143
2165 -2370
749 1392
-626 -1421
2225 -1388
75 -1509
-1899 3324
-3742 -3109
1296 2827
3060 1148
3990 -845
3491 3603
3250 -2760
1133 -3313
3331 -2824
305 1787
-163 3160
-1119 3579
-2921 -1709
1988 2022
-3996 727
389 -3897
2388 -3087
654 1633
752 756
2784 2498
-456 3315
-3030 3559
1170 -2310
1483 2913
738 3963
2740 -2214
-3413 -3452
180 1459
-557 -395
-1917 -2809
-237 -194
3191 -3316
1256 3524
2228 -3718
-14 793
-2413 -145
487 1758
-1370 1662
-3988 -3508
-3382 -2419
-867 3122
-3907 -1605
-1900 429
3417 463
2387 2115
2094 -3758
-2453 1359
2634 -1447
2933 3141
2659 -435
2395 -2544
-3147 -3637
-206 -3712
406 684
3051 317
-3683 -1246
-354 -297
2149 -3776
3793 2048
848 -1100
-3643 272
328 -188
-3622 -707
799 -2817
-1783 -2251
-1769 2917
-2341 -3784
3943 -1554
1938 -3239
-3396 -1304
1747 -3506
3328 -3079
-3454 3374
-363 1161
2545 2673
-2185 323
3018 -623
2909 -3032
-2509 -2878
339 2862
907 555
1015 -1114
1777 -2796
-930 -2541
-221 -2093
-2268 3184
2835 -860
3784 -1469
141 1059
-604 3927
-2591 1943
158 1162
-2730 2657
-22 -1714
-1801 3862
2707 -3909
3948 -3307
1322 -2778
-1528 -986
-3271 3033
1064 -50
1174 -2734
-1498 -3451
-2658 1230
-3995 3376
670 2071
2932 1648
-3575 1032
-1126 -3396
2060 -3648
-1942 -2666
3809 -1209
2282 -2176
-3226 2284
-2961 376
-2442 -1793
794 1706
3528 -1236
2359 3886
-869 3682
1337 -462
3376 348
-268 3181
2957 18
-1306 -1089
-3947 -438
1164 1536
-2979 -1166
574 203
2809 2220
-1891 -1875
3771 -3543
2594 -2698
2325 -2943
-1222 -3433
-3680 898
-2814 2483
-1630 -2712
2526 -1000
3038 -3121
925 -643
-2265 2178
3826 -1275
-1263 1995
3909 -1311
-3296 226
2568 2181
496 -2210
120 429
-812 2248
-1873 2480
3212 -774
-1847 1137
1362 1236
3788 -380
-1965 2569
1940 178
-3295 -3584
-2774 -200
-2106 1868
1147 -3397
-64 3641
1230 1073
3512 3031
-3349 -423
1726 -2024
-1139 -6
831 3124
688 -2580
469 2159
1557 -1000
-1035 1987
-56 2238
1708 3967
-3639 -2255
-606 -1019
-2604 -2795
1776 -3701
-1532 1034
784 1424
2756 605
-275 1726
1188 -2933
-1530 -2151
-1622 -595
-2016 3555
-3663 2232
242 -3244
6 1306
-3663 408
3452 -2389
-1095 985
568 1964
-702 2784
-3345 2804
1507 2431
1979 -3943
1267 3807
106 753
-1062 2549
-1050 -2014
373 -1383
3499 172
-299 909
1776 -3123
2757 -1083
-3031 3343
3746 -3931
-493 1060
-804 -286
-860 -2341
-3503 -2055
694 574
2747 -214
-3855 -331
-960 3566
-2238 2082
-1588 -3836
1776 -743
822 -596
-3928 2097
3673 -3514
-3859 2188
3132 3816
662 3221
-678 -667
-3192 -1977
-1569 -1331
58 71
-2795 -2133
1860 2873
-3743 -130
1412 1216
-3157 -2656
2398 3333
-1306 -3388
-346 -453
-3320 1364
3732 -52
2175 -582
-3641 3469
-3775 1378
-955 -3583
2450 -374
-932 -21
1092 1586
3160 1335
-1860 -1203
-2351 -1361
2600 -2643
-794 836
-3461 75
250 1135
-1029 606
2079 -1082
159 3289
-2250 1138
-3955 -855
3665 -2548
2023 747
3791 -960
1301 1406
-1683 2139
1746 -3968
3573 -2846
2308 -3959
-1924 -3271
2511 560
613 -1980
1149 1009
91 -1795
1184 -2375
3907 683
435 -172
-3999 3307
2681 -2762
3902 -1903
3868 2080
-552 -736
3633 1105
2 634
3890 -2747
-3033 -1117
-511 383
2047 3636
-830 -2922
2530 3643
2218 -614
1855 2181
428 -2337
-1426 1215
-2991 -79
-699 3311
3481 -3716
-1119 444
3846 1447
2864 -100
-1788 433
1992 -3643
-34 -155
-1672 -2332
-2011 2990
3769 -1944
-343 -3148
-2898 1994
-3039 -921
-2217 -2666
-713 -2790
2744 -1198
-2181 3598
3309 3469
953 193
-3979 2331
-2051 2470
2100 478
-2711 -2921
773 2924
2756 1067
351 3581
1740 2581
2128 -2699
-3963 -2218
-686 527
3270 -1778
-3612 1581
-3956 3763
127 -619
2936 1963
1502 -1655
2433 -888
1008 -1294
-3550 -758
3 1436
-1697 -2723
1704 3409
-1881 2610
2440 2850
-490 -1748
2283 -981
2040 2183
1021 2407
2056 -3253
-2579 -977
655 -1491
-2591 518
-1506 -3295
-3356 -3400
2588 3158
2731 110
1326 -2640
2655 -1351
2171 1117
1464 2211
2155 511
1893 -1489
-3919 696
2690 3335
-286 -3299
-634 2829
379 3874
-624 -1114
-2487 -2096
2318 38
919 -192
1538 2873
-3569 -3741
-3283 439
3956 987
-3573 2771
-2635 2228
-181 3188
864 2823
-2170 2660
2236 3407
1641 984
-3923 1187
-798 -269
-362 -1653
2672 -449
3347 1196
-3893 1940
1578 -3415
-458 -3499
868 1899
-2389 161
-7 -1799
2299 -2007
-2329 2483
-678 2350
-1834 -3800
2544 -804
-3552 -2848
2172 -3725
2511 3832
1255 -2759
-3745 1409
-2267 2061
-1311 -2818
1257 -346
-2594 -3463
-3063 2054
3306 1764
-2180 2108
-3247 -1839
778 -2158
-3253 149
1087 -1048
1968 2443
-240 -1251
700 787
1057 -3533
-561 -619
-3283 -53
1380 2081
793 1170
-1985 1534
1134 1832
-423 -1546
-343 -3942
2089 3353
-363 -3571
-2650 2487
-2829 1496
1707 2880
2868 -1308
1127 618
-1113 3829
-3123 3462
-1628 -1124
65 1928
3325 2472
862 3812
615 2724
2190 3000
3922 -566
1704 -3475
-172 -2503
-2163 -932
663 2927
158 -3076
2188 -141
-889 2464
2970 -2000
1403 3015
965 -639
-3501 -2455
554 -366
-3755 -3656
1271 -1993
255 296
-1916 3050
-1144 -3207
1080 2867
1031 3468
-763 3200
-872 2250
-2449 -3265
-528 -631
2279 3307
1121 2943
-568 2776
-218 2603
3059 1691
1773 -21
2491 3063
-3671 -990
-2606 -119
-1670 -1266
-2712 3771
-1620 -2732
1055 -330
-1256 3804
1270 2417
1136 -2603
3078 464
1255 -2654
3198 3044
1893 2201
-3875 1726
-1835 429
-1577 -997
164 3217
2931 -1197
1860 -84
-3604 528
726 1651
3861 463
-780 702
-3247 1209
658 -3304
-1535 -2012
-2095 -1686
-1728 -812
3784 -2580
1172 -217
101 -3147
1321 1253
1981 -3823
2554 2181
1293 118
-154 3831
-298 2147
3467 3517
1897 -900
1292 2380
-2929 1916
-3035 -3827
-2078 787
-1403 2332
2363 2875
-294 -2418
-1724 -104
1470 1919
-1590 -2228
3124 -2503
2999 -1467
1485 1463
3326 558
557 1725
-1065 -602
-1956 -692
749 2869
-1987 1948
-3632 -1561
-3134 -1307
1158 888
-1888 2994
-58 59
-2866 371
2658 2329
328 1898
-3318 -3018
-1802 1677
54 -1442
965 -3760
2348 -3067
-2248 -343
-2628 659
-2536 3515
2846 -931
881 -541
1946 3368
-2344 -2591
1199 237
-3867 -296
-3952 -2311
3057 3443
1645 -2322
3076 -541
3000 2595
-849 389
2330 -1949
-209 242
2863 -660
-3714 464
20 2394
-1860 -3589
-245 -417
1140 3966
2501 1668
3812 -830
3373 -3134
-3840 1267
261 2124
1335 2801
3312 384
924 3950
-3745 571
-756 -1551
1715 1920
1820 1137
-1774 1719
1338 3343
1699 711
1846 87
-3841 2636
-784 2063
-1952 3091
583 1311
2894 -898
3704 -2841
326 -2521
384 2032
-2163 2628
2643 -654
-22 3248
1296 2211
-1425 -2968
-1452 -2199
-2421 -1793
3665 -1595
-3815 -288
-2372 607
842 3556
-149 1956
-1085 3121
-3024 346
-3276 -999
-580 270
1766 1763
-176 -1341
-1030 -3248
-1569 -3726
-3456 2934
-3668 1231
1731 -1775
207 2665
2562 2986
-567 -111
2875 -2422
-2549 1118
-2242 -1516
2744 -216
-954 -1162
-835 436
693 544
-553 1952
3584 -538
-3628 2024
1024 194
-3608 -48
-1503 3918
-2252 512
3420 2603
-1267 2006
1937 781
117 -2899
462 -2593
3690 2611
2850 -1331
3650 3627
2128 -798
3918 -1272
-12 2231
320 -1952
1212 916
-1651 -471
3856 -3618
1693 137
2509 -1719
3595 3198
-234 -2731
2171 508
2524 -3185
2111 712
3787 3503
3784 -196
-3756 -985
-539 -1742
179 -1345
-544 -2188
2962 -224
-2884 -1520
-3695 14
-2735 3997
-3011 -3778
-3858 -1029
3485 -726
40 -2612
972 -1514
1491 297
2657 -1480
-1117 -1579
1887 2204
3094 -1509
2310 3230
3196 3044
1264 1385
-1289 -746
781 -1113
23 -1747
3443 -2237
3678 1745
3238 -1495
3747 3856
-718 -1887
1307 -927
2054 -466
911 -3902
2772 -3513
2480 -506
1084 3017
-808 -623
-393 1133
3817 -1059
-142 -1485
3634 587
3005 -3155
-361 -2911
602 3915
-693 2138
-1419 -625
-2754 -2201
-481 -3806
-2627 -2521
2336 -2642
-2089 2747
-3982 2489
740 -1214
-3501 -370
-1623 768
1266 1553
1698 -2366
-85 -2522
-217 1429
-1560 2597
3300 -3398
-310 142
1356 1584
-295 -3359
-9 -3737
1656 2480
1252 -673
2253 2967
-1405 -1295
-3832 1816
3523 3020
2221 2991
-2956 3036
98 2867
-2995 1705
-1471 2258
-3525 1530
1883 -2767
-2451 1668
299 3783
3132 -771
2762 -2581
-1381 -1432
-615 -2347
-2650 -1459
-3358 -3272
-3600 -908
-2235 2628
1805 3013
752 346
3959 2447
2658 -3832
-712 151
257 -3389
-3554 -3668
3317 -1634
-548 3741
3650 316
2224 -2438
-2128 -1582
-3371 -1709
740 -763
3066 -2
-18 2913
-1834 1439
-2531 -574
-76 1570
-2071 2056
-3381 57
-1791 -2332
902 513
1822 2081
2658 -893
-1887 1801
199 277
1190 634
-297 2011
-2339 -722
2453 1266
2514 50
36 -1299
-3256 422
-1276 -3394
2381 -3879
27 2255
-2709 -308
3872 -2063
-1558 2304
1219 2692
2908 1003
953 3423
-3187 -2617
-2209 2193
-1830 -618
1615 915
183 -2000
1101 -3713
1920 -1095
1719 -881
-2578 -3634
562 939
-327 2382
267 3929
-2656 3625
-1820 -2319
468 -3263
-3816 1713
858 1698
3157 1962
2661 3977
-2439 3231
-3012 -3733
80 -2004
160 -3909
275 2555
301 -2625
-521 23
814 -750
-3588 -3963
-2439 2888
-575 3783
-3247 1638
2178 -2686
2433 -1138
2401 2142
-3753 3449
2931 3211
3796 2841
-1409 1501
1706 -1030
-1958 1382
3524 16
-546 -1451
-1249 371
-1419 -2417
-3647 2944
-2256 -1234
-3796 -1596
-1360 -914
-3694 423
1175 1410
-3250 1330
3396 -3265
-1097 -752
2749 3199
1178 1927
3488 1831
-3302 -3426
-3482 137
3470 -1677
3316 -3719
663 -3297
-296 -2701
-1928 -2253
-1137 -3621
-1826 -3263
406 -2010
1719 -741
-3600 -2103
-3265 3843
2222 1468
3519 2220
2734 2489
3999 -1175
-3375 -2996
3495 -62
-1095 3829
-2301 2025
-1109 3291
47 -1145
2088 -3520
-173 -1111
-2854 1036
-1594 1929
-2152 2582
-3841 -562
3977 2033
2225 1147
-978 -482
-591 1846
3566 -899
-2693 2904
-3690 -1326
166 2328
787 1879
-922 3381
-3380 -1873
