5000
2290 4831
3126 3554
-3832 2991
-2897 2825
4726 -3423
-458 -4310
68 -3464
4994 -617
558 -854
4384 3510
-1058 -4101
-1756 458
-773 -3535
3836 1537
-1401 1523
-1955 2854
-3922 2035
-2784 2072
3390 -3156
-442 2755
1628 -3888
880 1433
-1008 2504
-4523 -2343
3464 -4850
-2390 -2065
2720 -1311
1220 4123
2917 1203
-1410 -2198
-1292 -2864
-414 -7
-3897 -4466
-2547 -2958
3126 3048
-481 3036
-1895 -3630
-2017 2025
-4516 -1150
3422 920
3998 1746
-1108 -3408
4394 719
2478 1531
4897 -2498
1920 262
1286 2033
3547 2743
-3323 3804
344 3157
4386 1286
3746 -4238
-4723 -1445
2086 -3525
-2817 1271
-534 -93
-4721 2220
3197 2472
3123 -1699
-3815 818
-2698 2432
4242 4082
-1373 -2468
-411 3492
4817 3869
-4516 1341
660 4036
-1353 -4697
2889 -2321
-752 3635
-4761 3582
-1947 -3738
-3339 3924
4103 1013
510 -1354
-716 -383
3279 3843
332 176
-1558 -2654
-2215 2201
-404 3567
4839 -1486
64 4013
375 -2679
3504 1412
1144 -2228
-1937 746
-4735 -4070
3007 -1272
-1752 4980
28 -1376
4231 -938
4673 2096
424 -2552
949 -962
-4834 -2883
-3152 -3929
-1734 -2164
-4348 -1521
-3230 -4838
4221 623
1137 3659
-407 -1800
1561 183
-4460 395
-2589 627
-2919 441
-699 -4394
-4606 2889
-4235 -81
1355 1218
-542 3546
4529 -2776
2029 1685
-2081 2165
-4065 0
-3634 2324
4267 -1310
2364 -2576
3440 4939
3360 3099
-3315 -4328
-957 1279
3799 1022
-268 -1561
-2173 1109
-1684 -3368
3125 -2305
1264 -4364
4369 -3604
-1957 -4011
-567 3791
2287 -2516
3923 -3449
4379 -2803
1580 3066
37 -3700
-4076 2319
1534 1083
2623 4509
-3104 -196
2673 2512
3350 -44
2677 -2187
1778 4714
-850 2935
1476 -3480
-4041 -2646
-4475 1867
-4410 -484
-3427 -746
2980 -3401
-2218 -3061
630 -4133
4814 -4787
-1380 -4915
-1682 1588
1596 4402
866 461
-3696 1951
-1480 -3504
-4024 -1917
-3270 115
2683 340
-4779 3235
3752 4639
-3341 -2903
2680 55
2748 -1814
4155 -2449
-4009 -3445
-4175 1891
-595 -248
-1082 724
230 -3931
-278 -233
-2586 121
-3327 2840
4685 1738
-2520 -4293
4544 439
3934 -832
-1555 -1619
-1545 -567
1632 -1674
251 2534
-4627 -4516
-3228 660
2145 2264
-3022 3317
-2898 -4641
4268 -2246
-3372 396
2313 3582
1176 2615
4586 1912
2596 2166
4722 1493
3538 1734
-1491 3650
1527 2019
-1616 2409
2199 -2698
3819 1438
1535 -947
-4648 2283
-3753 -3512
2966 -1380
761 -4115
1799 -2990
-4736 4043
-4336 486
-4976 -727
2571 -2222
-964 -4829
-4757 -4744
-2004 1013
1539 -1035
1087 3431
-1963 2848
-3071 4214
2670 -4143
-1657 -880
-530 -1166
-3573 -1738
-3852 -4636
-2202 1379
-3803 3840
-13 3469
-4253 4951
-3796 -4172
-2918 -1413
226 4793
-2476 499
4958 -2350
-4095 -2470
-3899 4064
2527 -4670
2878 -257
3676 -1947
-4843 -4685
-4429 3845
-2320 2244
954 -1811
-2629 2407
638 1565
-21 -4120
816 1773
-1343 2881
2456 1963
-4050 -952
-1149 -4947
-296 622
496 3813
-3535 -2290
-2793 -2930
-1088 3128
-3007 -1979
4310 698
-1314 4472
670 -2779
-2620 -1340
849 4919
-3387 665
555 1797
1180 -1404
556 -2683
-3476 3903
2524 -3442
-4041 757
-2734 2232
2917 3216
-1355 3971
-3958 -153
-2389 653
-1948 3500
-4830 1045
-2373 4914
-4501 2837
-2007 98
2853 -2318
-3400 -1133
-3290 -3908
-216 -2644
3973 -4882
4597 -1218
3106 -1952
2235 -711
201 -710
-4470 4676
-55 996
3090 2525
562 1530
810 3076
-4075 3753
1456 4991
-2780 4734
3229 393
4410 -4722
2542 2342
3353 3407
971 3066
2227 2118
4527 3007
2538 -4917
-4416 4805
2221 -2842
1230 -98
4261 -2978
3671 1447
764 829
2564 -76
430 240
2274 2638
-3178 3660
-4920 244
3989 -3141
1034 -1597
4971 -3003
-3884 -826
231 188
-995 2225
2248 1689
4118 18
-2647 411
2208 4205
-2200 -4839
-4301 -11
3167 -3484
-3157 -1026
-3711 -696
-1625 -1049
1975 1237
4872 -4135
4246 3668
1453 4555
-596 -4304
1644 -4056
2510 1187
-2541 2221
-3248 855
-1580 4590
-2279 3155
118 -916
2141 4180
-3038 -3204
-4572 -3330
2046 -1127
1651 2396
370 -3248
497 -1870
4709 -267
4925 -4360
-3715 3746
-52 -4165
-3655 -4191
-1082 -1367
3281 3892
1031 -1296
-4110 -4826
3405 835
4578 2601
-12 -1231
-2031 -117
-2193 -4312
672 4132
2696 -4291
1136 4733
1247 -1015
576 2573
3121 4845
-4172 2323
686 3559
3445 1814
3706 4046
-1298 -1067
1828 -1479
1906 -4105
2825 -2804
-2961 2503
497 -2916
2094 -2681
3520 2753
-4193 -1826
4706 -467
-1101 4430
704 1504
1520 -4344
-637 1692
-4269 2321
1196 4945
2890 2267
2509 1371
-3030 3771
-990 -3954
2823 2920
-2428 -650
2899 -3543
-1478 -3271
1829 -4395
1605 1273
-1450 -435
-4780 4223
-2770 -4360
-1127 1216
2155 833
2376 -1177
-556 -900
1500 2339
1347 -4430
-3005 3960
4627 -4865
678 3010
-976 3707
-282 -529
1885 -1212
2307 4313
-188 3469
-2903 -4634
-2628 -1061
669 1096
4208 418
208 3322
-2678 4140
357 -3892
-4581 -3468
3812 1423
265 -4238
1345 55
-1387 767
2749 -4545
-1592 -3674
-2881 2182
4835 -2278
4416 4567
599 -380
4761 -606
191 -4826
2690 1147
-1644 -1324
1189 -3133
592 1427
-4554 -2577
-999 -577
667 4032
4552 -4381
-1214 -1117
-3388 -1010
-1155 -4569
4175 451
2620 -249
-3382 -3573
2952 -382
1748 507
4034 -2950
-3281 -1338
1850 -4750
-1584 -2945
453 3079
-1798 4783
3009 -456
-2752 4801
2551 -1009
4158 73
1545 1493
4484 -1044
4689 747
4988 2887
-2211 1362
2781 700
913 -3025
-4040 -2818
-4666 -1034
-1825 -632
827 1853
2037 3123
1592 1147
1624 1714
4607 47
4562 1701
-1828 -2631
-1032 -4211
1742 2916
-2339 -2857
-3736 2314
-4110 -1931
1423 1606
3620 2312
3680 -2737
3527 3106
1931 -2364
2052 289
-2845 4736
4371 -237
-2671 580
-445 -75
1133 2595
-195 -3665
805 -3875
-3812 1262
1531 4944
-3409 2033
-3564 -3600
-4796 317
83 -4723
4643 -3493
-4408 922
-1458 -2150
1938 4135
1502 354
-3628 -2993
-4556 1717
-2662 -3518
-2619 -692
-4141 1818
-4072 -1934
3487 -2741
2155 -2586
4002 4546
796 -2628
-2887 3898
3778 -1473
-61 3234
-994 -1143
-1064 -1946
-4796 -2244
3820 -2687
180 -2645
-755 4459
-2181 -2791
4734 -2632
-2683 209
-2275 -1742
-3121 -1767
-1610 2057
4948 -4627
-4667 -2048
-278 -4301
1185 -4530
1236 -333
-1344 -2040
-75 -4264
-818 -1768
378 -4272
-3643 1241
1223 -2700
-1046 4001
4999 2838
-1311 -4088
1080 4720
-1769 3714
2217 57
3113 4022
-4584 -4570
350 -407
-4501 -2529
-2699 -1508
3090 -3941
2498 -97
4161 -3212
-3782 -2849
-4524 2231
1761 -2452
-4380 1515
-1100 783
-1543 -3736
-4716 -4101
-3863 -2500
2082 1246
-987 -1925
-204 4992
4750 -4668
3466 1391
-3529 2437
1237 1369
4087 675
4127 3480
-1625 269
-4604 -3510
3908 -820
-2841 645
-4398 802
-2821 4201
-1475 989
69 4329
-3919 -4733
1084 -2535
576 -162
1553 -2137
3334 -4568
3292 -1787
936 -1460
-75 -2218
1587 163
3153 2680
-869 -91
4580 3554
-1969 1533
2750 1279
3605 -491
-481 2703
-2484 -2559
-4550 -1032
1069 2602
-827 -1983
4548 -3091
-640 -2699
419 754
4569 -1886
-2776 607
3871 -2871
2417 1350
-509 844
-2860 -545
-4885 4811
3854 4731
-1124 4932
1916 -590
-1809 -3228
-3869 -1253
-4878 -2838
-96 -3792
-4215 1932
3747 454
2476 -2895
17 -2172
-964 878
-816 -2888
2542 3852
-1635 -1118
-4291 -3898
-4662 379
-490 1245
-840 3754
4297 -1167
1760 -3794
-28 -3135
4945 4809
-3147 -4650
-370 -311
3003 -3139
883 -92
2475 1498
4631 -3038
2898 -1672
2824 -4148
-643 2385
-3034 -2935
4627 -4245
-2078 -2180
-1391 -3721
-813 402
2938 -4427
-4378 -4712
3357 1808
3969 4006
3992 1543
-882 -3932
3156 -424
1390 -3885
3467 -3570
2886 1433
-136 4764
1520 3591
3484 -4463
-963 -2222
-4303 -24
-989 -649
-1737 1832
1893 1893
3603 387
3596 -1559
-1364 -1525
1845 -70
341 -655
-3694 -793
-2018 -4001
-4528 -4862
3890 1351
-4119 -2072
2037 971
-38 20
-4469 230
-3868 -3599
831 4821
-3155 -540
-1151 335
2557 2144
4695 -687
2342 -3178
4635 -960
4353 -3234
-503 4390
3708 4353
4449 1746
-980 -1821
1370 -842
-972 1672
-3875 4662
-383 1962
-1591 4279
3160 -2297
-2563 2170
-1500 -13
-1054 -4418
4676 -830
-2704 4094
-1497 -1327
-2995 -1236
-1876 3294
-2153 -1269
-1277 -568
4023 4353
-4713 -4523
1822 2428
-3562 2752
896 -884
-954 1199
-1398 2172
-104 -1364
3376 3059
3350 3813
4676 -2272
-2019 4720
3943 4814
3441 -2296
-4982 -3628
1615 -2274
3978 4649
-392 2525
-4733 3210
-2920 2150
983 2505
-3269 666
-3614 469
-523 -1791
-2417 -3535
-4104 -159
-2412 -1839
-1648 1076
-4185 -466
-1706 3421
2192 1450
-621 1645
4307 -3485
-54 3757
165 -360
-4078 -1107
4175 2234
2448 2581
4156 157
-1918 96
-1519 2446
-1012 -181
-1537 3098
1625 4170
-2236 -2517
-2753 -2366
1553 160
-4874 3322
920 3585
2075 -3431
1421 -1889
4632 -27
-4338 -2759
1721 1994
-2380 -4901
915 1047
-1474 -4631
184 -2428
3708 -2602
2617 4660
4144 -1509
-572 4218
-878 -2811
-4556 -3976
-1555 -2135
-3269 1649
-545 3534
4237 2644
4682 17
3201 1885
-2543 -4781
-16 44
-506 -1650
-1023 4203
2605 -4185
-1808 -986
-4670 -99
2148 -3379
-3180 4463
-3690 -3004
-2680 -3559
-4346 4973
1872 810
1987 4833
1559 2722
-729 4100
-1367 2271
45 -3103
3846 -859
177 -3866
2907 -4799
3187 3701
1888 1831
-3408 4533
0 -1260
-4991 -3950
2800 -116
50 4631
1113 -1070
537 1427
-2005 1755
2128 1045
-1474 4759
1767 -1361
2434 -649
1975 650
1168 -149
1650 4225
-520 2424
2224 4108
3076 -558
-2701 2609
-3556 938
1329 910
3799 -749
-2672 4479
-2767 -2915
-2873 -2730
2560 -4750
357 -3759
983 1386
4671 -4616
-3970 -166
3732 -3583
1957 1
-151 4739
-2110 -1470
4711 -3185
-1155 -2657
3263 4239
28 4867
2282 2941
4472 535
-4310 -2833
4033 777
1644 1683
890 1771
-3722 3403
3720 179
-200 -1735
1440 -3246
717 1300
-1387 4924
-1520 -3072
4939 -3730
-1067 4316
-3295 -1055
837 -626
-1120 -1285
-4055 705
-4427 2399
-2507 -813
-2666 2105
-2668 4731
-1759 91
-2987 2462
3328 1896
72 2772
-4434 -2080
-3712 -1192
-4848 2971
1333 4123
698 849
211 -3547
-4735 -100
692 1378
4793 732
156 4219
4465 -219
-3149 -4611
103 -2778
2280 1335
-489 3965
4597 -4639
-460 1802
2321 -869
2573 -3857
458 4260
-1960 1369
-2189 2683
2187 3329
-2580 -2733
-103 1873
-1620 -2978
3485 -256
4147 1021
-4294 1115
-2083 -1868
4958 -3324
728 4573
2213 3436
1102 -2608
-1834 2828
1535 -2719
-2709 3451
-2744 -4096
-1174 1756
1368 -2652
2780 -2874
3557 -3699
-4720 -3692
961 -4973
4256 -2242
-1088 1917
-3608 2057
-1922 650
-2084 -3137
2382 -2381
-3346 -4437
-4543 -3203
-3749 -1427
1807 146
-1249 4011
3 1947
4224 -3187
1130 1538
-1794 -3128
560 2646
1948 -692
-2919 449
-2690 -1401
-2935 4380
2655 -4777
1550 -2402
-2485 -479
-3311 1890
-4666 3385
-522 -867
-326 -3737
3558 3627
4184 -464
-4660 -4711
-1566 4357
3050 4596
-1436 2711
-4692 -2460
4158 3528
297 -3298
4223 3668
-1372 -2724
-3789 1941
1887 284
4863 -1147
-500 -734
-234 245
-2243 4664
1777 3895
-3113 -2548
3616 -1436
4815 1964
4044 -1242
2655 2619
1312 1403
432 1707
1011 -4123
2839 2005
-1274 -3509
4404 -2185
2805 -3046
-3296 -741
2885 -832
-3407 -4321
-4561 -2927
903 -4525
696 2173
829 -3393
3945 1978
-4355 1720
-1811 3197
-4315 -4976
910 3013
213 4717
-1644 -2488
-3267 -3235
-2970 4853
-4875 -4856
-998 -3704
-4500 2229
-424 2806
4455 -3262
-1699 4130
-3413 2491
-2051 3463
1285 -2220
-4529 -2948
-290 4755
-3426 2619
-1142 3187
62 -3756
-4082 30
1808 -4611
2498 3390
-949 1215
1051 1280
-1699 -3476
-4679 1390
4223 -1146
-4674 4450
1347 -2603
-3011 3330
-4428 -687
12 -3806
-4822 -4897
-3441 753
-3252 -1457
3304 -466
-2173 265
-4157 -2476
-1799 -245
-3065 4271
4047 -1513
-4113 -1291
-1146 175
-943 -2546
-2580 1929
3741 -4226
-4813 -3249
1281 1627
4387 -1874
4103 -4236
1266 4485
-3232 -2850
3317 -1398
-3634 -2881
3971 -4444
2337 -2421
4369 4046
-3771 1410
-3386 2622
2179 588
4781 2765
1421 -257
-2122 -614
2289 -4626
-1236 2889
1291 1292
1936 4224
4426 -4204
-4746 -38
4185 -4844
3913 3719
4187 -352
-338 883
-271 4089
506 -4211
-3359 4637
-3673 886
-2590 1364
4655 3094
2224 2113
1861 4725
4482 458
-3560 -2550
4459 -886
-3469 3467
4650 -1453
-2593 -3269
-2397 1967
4241 -12
-164 -4646
4567 -4761
1636 2707
1204 720
-3632 4117
-3313 -1907
-2712 2181
2833 709
-2704 -1176
4304 3008
2722 -2516
-5 -2605
1091 -2548
647 2227
4611 -976
-1837 -686
4678 -1011
3879 1024
-3575 2656
-2782 -3384
1050 764
3838 -3746
-4004 -4048
-3975 2350
-1262 1268
993 214
-4878 -3258
513 -82
3774 4672
-3769 2772
671 -3383
3404 -1269
-2804 1531
-1707 817
4514 -3865
-1935 2722
4258 -2816
3251 1394
1975 -1447
3481 314
2862 213
-969 691
-3388 732
3564 -3101
2976 763
-498 -3884
-4763 -2777
1272 2267
1687 3605
-2200 4385
1824 1887
4663 2295
147 4310
3232 1648
-4214 -4421
3400 -2987
4178 -4522
2697 -244
-1336 2630
-3417 3792
4484 3502
-1252 -4546
-1491 -2885
-1347 -1666
-1740 372
-230 -4523
-3768 -3060
3146 -2315
2738 2022
-4750 4397
-1401 -1937
-1279 -229
-1701 -570
-3322 2993
190 191
4043 3770
4437 -2905
1308 1693
-4542 670
-2445 86
278 -3615
-2965 -3140
4698 -4015
3961 -2310
1214 -3019
90 -2384
809 529
-4363 -740
-2825 -1085
780 -277
-1600 4220
2723 -587
2087 -4557
1997 -4734
20 -1791
-2139 -4630
3390 1896
872 -166
4109 -4208
3284 -4714
-945 -1726
-3863 -2435
-4898 -4719
2835 -3423
-2729 -2990
1940 -4233
-1494 457
330 3025
2550 774
-3478 -4668
-1552 -4218
-4415 1136
-844 3238
-1366 -61
103 4646
29 1917
-579 -3225
-3602 -1322
3986 -152
-1510 -2843
-2881 -1939
2546 -3177
2644 617
-245 3083
2444 -355
-1574 4539
-922 -3600
1822 4285
1436 -4866
-4544 -35
-3361 4627
2913 2580
1751 -780
2485 194
-3016 -3569
4093 3764
4638 -3055
-4169 1026
4652 1183
1983 851
2483 4929
2252 -1302
2597 -3247
-2978 -4077
1393 -3778
869 3571
-1305 1718
1418 4780
-2103 3824
4223 165
3151 393
3226 -3861
-125 -3667
2878 -839
-4668 -3613
1323 3957
3194 457
-3702 4677
-1982 1703
-1507 -3909
2044 3073
-4284 581
4053 1393
-859 107
-1318 3442
3473 -1608
-1252 -3989
-2911 4872
-2395 1280
-4078 -4640
1933 -2400
3757 3505
-4211 1019
-4899 -4882
3426 -1997
-1345 1881
-2172 -2123
3753 -4903
1351 -3429
1876 712
-575 3497
-154 4415
3603 4938
-3572 213
2219 787
4394 -839
-4564 2333
-1340 2271
4768 4896
3579 3389
-4445 3824
-3822 -588
4677 2473
1082 -4805
3962 -4572
3964 -2006
2324 55
-659 -2734
-4219 -3842
-4418 -3378
-3575 -4321
-2475 -4359
-2068 1909
-1539 -3719
3523 -3840
1997 4238
-58 1388
-3308 -3682
1980 -523
4981 2628
-4135 -4009
-1899 -3232
-124 -2026
156 1677
2897 854
-3134 3090
-3547 -3724
2195 2272
-978 1514
-2676 -4356
3813 978
-2277 -3486
782 -3817
-2026 3551
-2696 -3023
4393 4814
-4243 4725
4304 3707
-721 -4228
-177 -2920
-908 -2744
-1656 368
-149 2486
4000 3425
-3489 2106
4672 -3814
500 -226
-537 -3884
-1828 -3651
-4369 3459
-3461 1375
-1818 -301
4304 -4671
-3029 1900
-4982 1344
3893 -154
1184 4947
-4712 -3346
2444 925
-191 -1675
4550 -466
4470 -3223
873 -1366
4333 -4570
-1773 626
-1222 -4316
1559 -652
-700 968
3140 -2496
-4679 -1608
2165 -3312
-3594 -3640
-2490 1920
-2989 -3384
-2460 -3104
3384 163
-4926 -1923
2453 2325
616 2872
-4567 -973
3298 -2662
3179 4533
1135 -4784
2870 3630
-73 -4949
2901 774
1657 -4379
-3745 -17
-1009 -4159
1081 800
-4848 -442
-1645 -3213
1254 1878
-4195 1694
-2466 -3860
-280 -668
3617 -2319
-3366 -4764
-938 2218
-802 -802
-3200 1253
-2833 -703
-4952 -2071
-200 149
4089 -2640
-4287 -3115
435 -669
-3712 -4871
976 -693
4611 3766
-3205 3508
913 3454
-4464 1245
-4305 -3429
-23 550
-2386 4440
-2401 -4493
-1978 368
1814 -2769
1574 -4519
-2159 1727
-253 4808
116 1080
3242 -4749
4178 -252
-3154 820
-2254 -3099
-3193 -4944
2779 -2444
-2334 285
-4353 4291
3138 2984
444 155
1862 189
4543 3025
-1099 -2996
-4266 2448
2411 -4936
1458 1359
318 1181
1647 2738
2024 4394
-1810 4892
-4003 3150
-4176 -4264
-1536 2417
-2679 -3845
-45 3919
-1168 -609
4866 3282
-2867 -3348
1854 -1922
-3079 -4325
653 -4228
-3412 79
-724 4842
-1510 -3941
-3666 -1564
-3712 -4031
-1632 3814
2410 -701
-4564 1000
-4166 3736
3627 4338
4112 1052
-1808 932
-1 -110
731 3283
-4422 -501
-893 2131
3488 3185
101 190
-3323 -466
-4738 -3256
-750 -4373
1075 2612
-3488 2046
342 4397
664 2879
-3146 -3376
-3573 3236
801 1534
-4712 -1973
-2470 1847
-1382 181
2692 -2334
-3246 3677
679 2355
-3486 3782
-3740 4793
1838 4420
4614 1277
-4291 -3393
2111 13
1529 4147
-2629 1906
-532 -3777
-99 -4983
4326 -750
4825 -3121
-3989 -3031
-98 4481
297 -2259
-4860 -4746
-1448 -2542
-3332 -3071
-74 1181
1521 -3169
3124 777
3865 1240
3231 4066
-3165 -3247
-4820 -1749
2236 -896
2697 3947
-2628 -3
-1215 2916
-762 3534
-4474 -4440
-149 4329
785 644
1599 545
3703 361
2087 -3000
-2934 1587
4585 -1466
3631 -2794
-3411 3272
560 1622
-1735 4932
-15 -4982
-2559 4757
-30 -4651
4101 1661
3946 753
1727 1547
-1534 -158
-2740 4320
-4813 -2239
3585 1278
-167 -3212
-336 -1223
2927 -3178
2559 -4414
-1192 -4625
947 4871
-4075 3509
-841 -1377
-4257 4925
1608 -2243
632 -2134
3950 4915
4433 1073
3755 2204
-4569 1080
3595 3836
-1874 1679
2571 -3504
-3213 -4835
-2730 2592
3616 4073
-1825 1678
-960 2296
4249 2690
1759 -4079
-2770 4398
4271 -968
-2298 3191
4788 1770
2286 -2884
-1335 874
4004 2310
31 2925
4892 3242
4669 -3003
2345 -4460
-294 1094
4914 1724
5 1090
-317 1767
2438 -3584
2282 -4071
1319 -3784
-4676 -4494
-3660 3360
-1442 -1445
1101 4219
-3197 -2480
4234 3435
2617 -3201
-4339 3663
1536 -3762
3987 4623
-284 -987
1286 -330
3047 -2410
4496 1283
-3187 -4057
1115 -1526
-4981 -769
3676 -1579
3554 3126
-3037 -3056
-3624 1840
-2528 4153
4007 4610
-3702 -4463
1179 499
550 2412
-1555 -4356
-1550 2914
-461 3757
2559 -4100
-4662 4650
4637 -3548
3942 2485
-4685 3322
-1326 1449
-4126 -1078
-4769 1965
3406 -3842
-3144 3515
3774 -1277
-3146 -4793
-3118 -4755
-1663 -2420
2667 -2145
-3940 4921
4989 -2128
514 -2355
-2972 -2813
1410 1387
1852 -3601
-650 -1807
3421 -4677
-4966 3766
-4424 452
-995 3154
2445 2975
-1604 2248
4534 3869
-2770 -4849
-717 -1000
-4950 -3948
-2746 -1415
-4543 -3330
489 -2575
4780 -3412
991 -68
425 3710
-436 2162
-1193 2642
-2803 2349
-4259 -4770
-3600 -3644
2238 -3192
-2467 -2137
-1816 2450
4862 3560
-2746 3665
-195 589
-4377 -4967
781 274
-862 1988
935 1452
3604 926
-460 -3621
-667 2033
-924 2272
3321 -4163
310 -2645
-3569 -865
-1515 -530
-4714 4107
-304 4826
4064 3624
1618 2881
-4479 -1921
-3559 3645
3516 -3682
-775 -4671
1498 -3726
3042 1485
635 -3077
-3234 1813
277 74
629 4823
3274 694
-4505 -455
-2895 4346
1245 2422
4336 -899
-4843 -3462
167 3984
1005 4171
3532 1517
-1571 -483
3187 -4532
-2239 4955
-666 -3695
3459 -3985
-2589 -597
2983 -4768
-4502 -962
-2698 -1673
2633 3859
4498 729
-1859 116
-1112 -1784
-4782 656
-954 2978
-3153 3010
-1846 3721
4485 -850
-1720 2220
-1357 -4676
-3209 -2149
-3261 984
-1547 2875
-1974 1360
-864 -4588
2828 928
4591 4185
3299 2483
-2318 -2367
-72 3982
-4563 3581
-2019 -4626
-4657 -979
-2854 -1224
-1012 -1922
-1136 -435
-1362 800
-514 -950
-3630 -1219
4494 -1526
2517 -2249
221 -1947
-1382 -583
3687 1281
-703 1652
3155 2170
-4091 -4844
1606 4678
809 4512
-1976 935
-1533 537
-3353 -4324
62 -3665
900 -2683
674 -2197
1838 1608
-105 -232
-3082 -956
-4202 3746
2194 4984
2802 -805
1797 -4385
93 3191
-1685 -3634
-3054 392
2957 1317
-1201 3659
-1216 235
-649 1746
-2407 -1137
516 -2790
-339 1452
-2604 1754
4568 -789
-3499 -2091
-2460 3031
2936 -3504
-3819 1500
-2020 1212
2160 3188
-341 -2233
3656 -758
-2235 -2516
697 -3971
-96 -1819
-4900 -2748
3722 -4199
-2329 -4198
-721 -2984
-3659 -2216
3984 2105
-2357 -1419
2319 3757
-1223 2771
4706 4802
2945 1890
-3388 1707
-3632 3684
1039 -369
-2922 -2064
-1881 -4841
-4270 -2486
1876 4199
-1771 1942
-4691 2775
926 -1193
1705 3089
-4803 4743
2050 1636
-4462 4115
-984 -1520
3784 2217
-4123 -4166
-4342 -1645
-534 -2303
-729 4455
-3965 -4971
2460 1442
4296 4130
-2696 2366
191 -2982
3708 -291
-3730 -4428
-430 -4820
1460 -3903
-545 2161
1990 -3012
-201 -2666
-4095 4362
1991 -1157
-1515 3933
1592 -2297
717 2652
3383 -2905
963 1232
-3822 2831
741 1782
2701 -1289
3025 2769
-2952 -915
1291 2240
-2794 -3496
199 1844
335 -2558
1883 2620
3881 -1822
-3221 -2820
-2671 3973
-4438 183
-118 4809
4530 -1049
2216 1555
-1990 2140
-1832 3192
3580 2549
-3050 -734
4268 1394
-3459 -817
3234 1224
575 -4970
3144 -550
-1138 -878
-2373 -3988
-4893 -127
-2927 -4601
-1913 3049
406 2868
-1644 -2595
170 3624
4837 -353
-4909 -1865
-2677 -626
-4312 1571
-2522 -775
-4843 -2309
1478 1514
271 -3915
2029 -1482
-843 -1547
-4510 659
1530 3763
1400 4696
2168 4285
-3772 -4013
-2904 3379
4738 -3001
1418 -4982
-4782 325
3699 -1063
-3340 -1541
4149 -3213
3560 3813
2090 3162
-1526 4343
4392 -469
2694 675
3717 -3127
641 2895
-25 -2652
4926 -2957
3783 2138
703 3153
1829 -4855
-2404 4855
2413 1831
2130 4630
1240 -1551
-438 88
-4219 -415
2234 -4368
-4227 3288
-2762 -826
-277 -2177
-2232 -307
1435 427
4143 2515
7 4733
-875 -4866
2865 -4248
-2976 -4938
2281 3953
-764 1372
-3151 1665
-3638 4522
-3339 -116
-4601 2353
4302 -2194
3389 -2801
-991 -2301
2600 2641
-4779 -4153
89 -3578
1483 -307
2462 -4670
-3695 2996
3386 3677
-1313 -481
-2172 -227
-1939 3717
-1123 2493
-2224 2007
3748 4797
-3655 2754
1762 -2850
-1349 -1426
-2047 3729
-4456 3744
4890 1312
-782 -1077
-4017 708
1058 12
-4391 1217
-928 2744
4193 2574
-1110 -3597
864 -3197
-2621 4151
2746 -135
2182 -705
2635 -3743
-304 -689
3756 2183
-492 -2575
-4927 2927
114 4195
4177 2792
-4234 -2356
-1522 3554
-2046 3803
-2255 1756
-1201 -36
4040 -2224
1299 3657
-4180 3080
157 -469
-3695 891
-411 -4969
-3970 1997
-2030 3701
-709 2206
-2626 3560
4436 958
2131 4599
-3286 130
872 3052
3555 4790
-2664 -1914
400 -215
-921 -3792
-368 1070
-4365 227
3233 -4938
-4830 2413
513 -50
-304 3534
787 -1232
1589 2808
710 4608
-4300 -2209
4775 -2586
-3810 2967
-174 1398
4572 434
1637 3213
-2888 -490
3746 -308
2252 -3687
-4615 4841
-3535 376
-1870 2850
1313 -3761
1165 -3310
1431 -2051
-715 -2755
-2312 -3802
-3710 -2211
2246 4053
216 -164
1148 2782
-927 537
-1889 3955
149 4838
-1084 1731
-3722 4949
-4125 920
2245 4981
338 -4357
-2982 4707
2209 451
444 -4612
-3914 -4540
-4022 -2141
-995 -3568
-2435 3710
-4595 277
-1044 292
2640 1080
538 -2522
-801 1491
3956 3535
-1001 -2814
-1510 477
-4741 3100
1079 -3407
-4 3905
-2214 -1672
-2519 -3359
1436 -1663
-4723 4441
-4657 -2653
4734 2655
891 2401
-2890 -4304
156 4931
-2162 -2750
-3054 1636
2241 1796
4173 -4942
-3625 -1990
-860 4159
-3550 4867
2333 -2531
399 -2824
-1145 -4616
426 474
-2877 2644
-4185 2683
136 4425
3575 -3433
-536 647
1579 4510
1704 -4992
-1663 -3725
4618 -4952
-3140 820
-3738 1628
-4381 -773
-1572 -1636
-4964 -977
-329 -2973
-1948 1150
-1013 -1475
-296 -1827
1465 3060
-308 3114
95 -3975
-3134 -111
-4061 -3234
-4755 1212
-1254 -4496
856 890
2167 -4256
2981 3937
4402 -1392
2256 -3084
1449 4826
-3364 -4072
-2105 -4674
-75 -4491
-4061 -493
-920 4367
-1933 3512
-4263 1861
2034 -4117
-681 110
-847 -2114
-4115 -2134
-1443 3745
4522 1311
-2739 -2579
3290 -3547
-2169 140
4881 2532
647 3275
-3190 -4325
4822 -3083
1021 -2596
3323 -3526
-2877 -1032
-1901 3581
-228 -2831
3990 1139
-869 2328
-2410 271
3148 4664
-623 -4633
-3004 -2621
1579 3870
-2191 8
-3028 2433
-4971 -798
3708 2952
619 -48
-4537 -801
-943 4294
-1915 2632
-4565 1362
116 -4474
-4540 -619
3620 -122
-3004 273
-1005 -2963
-3393 3154
-2404 1639
-4301 2215
-1654 -4687
3515 -1931
1627 1892
-1498 -3987
3064 -1137
573 4478
-2852 3883
-2504 4035
-4727 4066
-3372 -2138
-2798 -2867
1041 541
-2556 -3953
1377 4666
4332 346
4783 2245
-3362 -1307
4111 -290
897 -4724
-3522 -916
273 3901
-1350 2019
3225 -1301
-4476 -4903
2100 3392
2528 -2665
1645 1272
4144 697
-2271 -2054
1301 -265
572 1622
1926 1617
-3366 1143
1334 3794
-1246 -4594
-2966 -3481
-987 -3969
4235 -229
3485 -2562
-3092 -4176
2768 -1898
-4425 2878
2012 3658
-2809 -2931
3359 1389
-1779 -2371
3228 -2530
4994 -4624
1789 -1687
4221 -4485
-1885 -1082
-3486 -1958
-4533 3282
-4391 2116
-4438 2370
889 534
1931 1913
-4657 -4381
3305 4339
-4503 2468
3651 1730
-1708 -1881
-2733 4330
-3650 -2609
-2123 3218
-4967 -3695
1241 -1690
-496 3122
3789 -1574
721 -2719
-2996 812
3295 -3341
1161 -1165
957 -1328
1068 -3431
3011 4858
3291 387
629 -3371
-279 3994
-1740 -2154
2649 -3853
501 -3347
-1830 -2640
-4147 -3450
-2332 -4675
1798 518
-3237 3494
4536 -555
-2615 1426
-2078 -2220
-2530 4636
2406 -4736
3181 4038
613 -4296
4914 3004
-3768 -3824
-4056 -932
-1568 4216
701 -3901
-3016 3502
-3903 108
-3897 -4297
-1345 1676
1624 697
-1590 1929
-88 -2602
-4501 1930
3417 -3318
-751 1965
-3413 -4048
-4645 1433
2223 -3782
3647 -2060
4776 4775
-3418 -1519
-1173 507
1373 -723
4738 371
-3492 -1864
-422 -1713
-654 2912
-4665 -1328
78 1752
1422 1925
-326 3428
636 -3369
1548 -3437
3481 3839
3328 1714
2344 4856
-565 4553
1472 117
-2476 -4869
2531 -4788
45 2071
-492 -890
-3086 -3900
-4072 4410
4454 1705
128 584
4043 -3143
4877 -3427
1748 2078
-2994 4980
3313 -4830
-4355 3029
4938 -2717
-879 -1664
-751 237
1316 168
-368 -2439
-3709 -1899
3917 -800
-564 4181
651 1354
2778 -2926
3450 -1961
-4961 -1146
-4564 -3738
3705 -1149
1809 -1105
-1457 -4869
-2416 2938
-2646 3860
979 1656
2268 -1522
-1760 -657
4937 -1081
-1078 -2414
77 1175
2389 -31
3216 -3639
3189 1296
-2285 1129
-830 4821
-3574 -4437
-797 1406
-4577 3407
1018 3018
4694 3166
-3175 2903
-4581 -2710
-3033 -3221
-4493 -4581
1720 -733
1408 -2032
2386 1564
3261 -4410
-1727 -4749
3302 -4563
-103 54
-4708 -4533
-3310 4737
4126 810
2372 1271
2667 -4917
2312 584
3561 269
37 -2099
3092 1006
4193 -2245
914 663
-4076 -4361
4741 4363
3690 131
-1025 819
3223 3581
3457 -2187
-267 -4662
-4988 -144
-339 -2949
-320 -4643
-2429 2826
-376 703
-1664 2849
2626 -2072
-2310 4568
-1745 -1025
-1135 -2617
-836 -400
-1850 -926
371 3519
-4593 -495
-2164 -2198
465 3115
-3584 2256
-1608 -4830
1680 1199
2556 -4512
3646 -192
3347 599
-1546 -767
4925 4445
4971 -1392
2059 -2247
3980 -1645
-4547 -1398
1478 2271
3579 4205
-2434 3535
-3081 -2796
874 2452
2694 615
4511 -4925
2956 -4085
4135 -3512
-2760 -1808
1605 3940
-3252 4560
1216 -506
4483 -4801
-4642 -2608
-415 3492
-3748 4749
-1296 -3534
-932 1443
-834 -2785
-279 3536
-2585 -1535
-3240 -4316
1721 4714
-2875 -1887
1538 4308
-2132 4907
-83 1960
-536 -3110
1927 3813
-2571 3974
3847 -2058
-3360 43
377 -3510
-78 -3820
4560 1283
1423 -574
-4572 -1578
285 3306
-4648 -4954
3531 -539
-2127 3751
-3790 3046
-1401 -1515
4644 -4240
7 -128
3272 336
4611 -1373
2688 1925
-898 -4223
238 3652
-3316 1952
1415 -1945
-3799 1688
-3230 894
-113 -2580
3902 -4177
3444 3528
1927 2554
-4434 2982
-800 -765
664 -3688
-777 1009
3652 3373
-3308 -164
-1360 -792
3566 3009
-2398 -1543
2442 -2365
-2074 3084
-3110 -1199
2494 -4405
2271 4158
4383 -4593
3871 3982
-3763 -4376
-4144 -2747
-4508 -4620
1145 3123
-4449 3377
-2093 1733
640 -2918
4387 1980
4667 2471
2600 -3274
-1102 -4375
4982 4045
-1382 4728
1541 3166
-966 1183
1310 3103
-3508 -3897
2955 4053
-2963 3844
970 -2354
-687 4283
-4481 2929
-1020 -16
4233 -2615
4523 840
1610 1078
-3040 -2571
1939 2393
2426 -3976
1235 -300
124 4289
1983 -940
-4546 -3795
-1329 3467
3389 -4279
-3010 2275
-732 2885
-2908 2296
-1328 4263
-3207 1356
-1593 235
4635 1844
-4080 -3786
-3748 -3019
481 2618
1906 1881
4287 -100
3922 -3464
2117 -3632
-3481 3556
377 -3368
85 -3458
-4073 1375
3508 -4548
-1265 4488
-1563 -1684
-1036 -2011
-376 4674
2137 -2462
-2918 4337
-741 -2083
4802 -1685
1695 -2631
-4000 3884
-4152 963
-1409 -2591
2683 4731
2221 -1039
-631 1237
3998 -2426
-2063 -4776
-4191 -3015
-1724 -2580
-2729 -1833
-4063 -3268
-4366 -2918
841 3208
-3057 -324
-2585 -1012
314 4606
-1036 483
1692 554
-1756 2755
4363 2210
-2188 1439
1513 -2713
1999 4056
701 2086
1756 -2980
1983 1742
3231 306
4669 187
4584 1702
3536 -2049
1452 -2034
-899 -2676
-2812 -888
3394 1803
1381 2991
4676 -2148
3056 1699
-3542 -422
-4502 -1904
756 -924
473 -1578
3911 2616
2552 662
3929 -1603
-62 -1047
-2871 3606
-2223 3788
2991 -551
622 -2844
-647 -2153
2160 -4992
-1748 2761
4658 4402
-4149 -1991
-3898 -3560
604 -322
288 4538
668 3196
307 -4484
2155 4775
1172 -4457
-3365 3707
83 -3102
-607 2953
4955 3142
-4104 -3936
-4700 -1099
432 4378
-1659 1410
-830 -1299
-2252 -2607
-768 -1175
3808 1242
2516 2621
-1670 129
1614 4888
-4790 745
-4616 3645
4405 -462
2986 -876
-2382 92
-1172 -1027
3007 -717
498 -1119
-3463 3223
3193 -3647
285 1130
4459 -558
-3319 3864
702 -2304
-3765 -4705
4345 -4975
104 -3786
2210 -4365
-1534 -81
245 1994
-3075 -772
-3086 4270
833 2000
2756 -2564
-1640 2339
-1781 -1652
3218 -2494
-3371 -4859
525 883
2349 -539
-4688 3632
-4742 1106
3997 -250
2527 1544
-3680 3559
-2519 4504
3351 1301
-4958 -2197
-2766 -4037
-3222 195
4198 -2034
2141 1702
-2442 -2579
-1827 -3534
-4668 -2355
-1246 -794
3961 836
-1687 3130
4424 3575
-4673 4329
3903 3498
2259 -591
2503 4392
3088 -791
-1378 -1690
3252 621
-677 -461
4635 4652
-4834 -228
3208 4720
-969 -2141
-588 2953
861 -2674
1356 2427
4311 1634
-4258 -211
3106 -864
2592 2929
2904 1587
1222 330
-1750 1628
-4026 3007
1766 1227
-2423 -145
-3652 2119
-1858 2738
-936 239
241 2231
-498 -4949
-1816 -4118
4318 1109
-2492 4291
-1300 3239
-1386 3862
3721 2826
4282 4919
419 -241
-3154 4988
3176 -2644
-4562 -352
-291 136
-4365 603
-3885 2011
1850 2781
2661 -4252
457 452
-1897 -1680
2101 -4455
2130 858
2231 656
-693 -4033
4725 1142
-2436 -172
-1704 -4277
-4041 -4002
-1569 426
-2596 -2500
-4107 -2410
4743 -1585
-1025 1533
-856 -4956
1372 -4890
477 2861
-3614 -4422
-823 2922
4597 1317
2188 3843
-1711 -4459
3174 2670
-2597 1769
-2559 3770
1981 -159
4105 -591
4006 -3032
-4623 -4501
167 -3569
1803 3050
3325 -1906
4881 2190
36 -1375
1103 -4698
3935 -4076
-56 447
-4582 529
640 -1293
-2284 -4039
-4520 1050
2184 -798
-1016 -1770
-1228 -3188
2856 804
-4050 3099
-2372 -666
-2265 1953
-21 2306
-4340 -820
-1172 1724
-1841 3686
-3877 4965
2348 2882
-4843 -3450
-670 4857
2444 4364
3862 3493
1577 3777
-2936 931
2520 2795
-3209 2267
1657 128
455 -4769
904 -2101
3382 4930
1252 -3975
-434 827
2552 4178
-3487 -2208
-2018 -3119
4838 -3579
3860 -2945
3535 -4162
-3818 1176
-1273 -2998
-4894 4430
-2860 -3779
-1227 2158
3648 -985
3590 -2627
4492 3219
-1745 4040
3610 237
3985 962
3325 506
2955 3286
4844 -2065
-2241 3988
-179 3926
4086 4850
3200 1337
155 -4933
-131 -249
-1006 -536
-2881 -1453
-4834 -1568
-1622 -2796
-776 -3808
5 -3681
2594 -3996
-2994 -1057
2431 -3891
4588 4928
-1795 -2638
1966 -51
-4507 -4610
-757 -3161
-3376 1218
-1823 -1211
3515 -2737
1812 -152
-4419 3255
-1854 -4227
1068 2226
-4760 3765
713 1211
-1177 246
-792 -2072
3053 252
52 4051
2348 1273
-1053 -195
-1272 3541
939 -674
-950 1404
-786 -2731
1116 3697
315 -3053
2476 -3440
4286 -178
2876 1835
-2768 -395
1363 -4845
152 1476
-3049 -911
2306 413
-82 -706
3016 -4163
1653 -3089
-2335 2713
-1488 4624
892 2480
515 4595
-59 3575
4772 467
241 -1362
2261 1571
1307 480
3545 4573
-799 485
-2239 -1013
4111 2755
2997 -3660
-49 3877
633 -1639
3955 4517
-4095 -3789
-392 646
3358 -2576
-4935 -4046
595 -3159
1815 4798
-1319 -1403
4052 -3918
-4363 4312
3162 -476
2300 -1964
-4030 2423
1884 2964
-3165 3928
-4119 -1520
-2396 -247
-2927 -4922
2500 -4746
1068 2209
-4088 3869
-3889 -1316
2179 -3226
1747 1136
-2663 -3813
-3273 1827
4675 -3590
-3281 -4920
-50 1147
2027 1929
468 -373
-2996 1645
-2522 -1924
805 2087
3123 1127
-598 -2266
-3672 -3135
-3673 3183
-3254 -4831
-1049 -127
3250 3947
1338 -3849
2917 -3991
319 -2149
-4757 2384
2902 2403
3143 -3983
798 -3430
1845 -2310
4288 700
842 4999
-549 -4771
-868 -2180
-1332 1910
-2010 3125
-871 2925
4340 -3356
1632 109
-2295 4838
-4712 2301
-795 2457
-12 2590
2221 3041
4006 -1439
-4243 -747
3420 3211
-1642 4100
3664 -4698
1479 -3343
4796 1402
3460 1933
-2760 4581
-2699 -4647
-797 4161
791 3358
-179 3473
-2093 2570
-3205 4118
-4819 -2087
4903 151
4607 2783
3440 393
-1897 3598
-1447 -249
-2304 4039
462 -2196
-616 -3965
-3600 4097
-740 -54
-2208 4504
-4315 -1030
-2998 1437
-3587 3644
-2179 771
2059 -575
-824 -369
-2520 -159
3063 -451
-2731 -1789
-1988 -4357
3335 -1929
-1010 2263
-4381 1626
4180 -4407
2429 2268
4780 2603
2052 1652
-3089 1149
-1900 -2422
510 3246
701 2155
1258 -1868
4280 688
-2143 -4101
4431 4764
-4102 -594
3469 -3276
2756 -3706
-4689 4341
-620 1148
-169 2220
-674 545
-1508 -4762
4410 -3526
4581 -4797
2261 -1005
-4456 -3663
4834 -2202
3862 -2677
4780 -3692
-916 1381
2672 3348
2069 -4985
-2142 -4599
3266 -3477
-2390 2157
336 4660
3557 -3223
33 -385
-1902 1610
-3512 3275
4424 -136
-2931 3379
2142 -4788
2128 1939
3460 -3271
4720 -4709
-682 619
-3379 -2703
-4313 4062
4881 1909
2995 2011
-4129 1189
-919 -4618
3975 612
-112 4457
-2441 -2302
-155 -987
3091 523
125 -2665
4143 2660
-2545 -177
-2693 1409
4927 -2976
1255 3659
4337 -2536
-1440 -925
-4208 4517
2825 -1686
2404 635
1099 960
-1587 2383
4147 2532
4330 -1937
-2733 1187
1526 -3974
3364 3162
-292 881
-1833 -1143
-972 3491
3297 90
2372 -4624
1458 4539
4001 730
31 -789
-133 -4526
2759 -23
2901 161
3484 -3205
3647 3258
-4140 -4277
-284 3872
-3426 852
3098 4649
-1064 -2636
-4867 2718
1372 -2640
3338 -669
604 4304
1477 -512
-1811 -785
-311 -4370
1898 566
1817 -4649
891 1154
-3973 -2984
568 -119
-4889 -4287
141 4281
-254 -2686
-1163 1282
-2644 282
-4747 -2853
-4742 -599
1847 -4851
2232 -4647
4628 3489
-2731 -2313
1622 -1092
2736 -108
-1643 -129
2986 -3157
-738 1900
3033 3006
352 -580
915 -1430
3517 843
-151 2442
-1375 -312
3617 -2550
-3891 -2365
1076 -148
1943 320
-4515 3162
3893 -1294
-2345 -3614
3272 4618
-3624 -455
-3652 362
1367 -4264
3323 79
-1353 -2102
2407 -520
3549 3113
-1170 2685
-164 4719
2126 -597
-2173 371
1771 -2301
3643 -3900
-726 -1614
-3965 -1200
-1579 -2590
2905 -4382
-2887 3590
374 -315
-4749 1761
-3 -70
-1604 -3819
-388 -326
-2361 1073
2289 4666
-908 -600
446 3036
4924 -4916
3003 -4243
-2867 4241
4327 -4111
3286 2788
-3285 -3560
-2737 2257
1510 -1993
-3097 -2203
-2969 -2688
124 2646
-4422 51
-4305 -298
972 -2824
4804 -935
-3605 -57
-4961 3070
-683 3969
-2244 -183
748 -277
-296 -435
4747 2979
4186 4386
4434 -2217
2284 -2558
-1512 -604
-2999 3962
-1782 -156
-199 4333
978 -2950
-4906 3539
2729 -4449
-1806 -3715
4789 -4439
-2979 -1809
3647 1621
2146 -4838
1852 -3449
-4606 2348
-2744 4575
4771 -3576
3861 2391
-4300 -3523
-2977 -363
-1271 -4965
-2978 1178
2447 2265
-3194 2142
-3410 -4590
207 -3377
3279 1664
-1397 -3251
60 -1944
4853 -1824
-4708 -173
884 -1502
-379 -1500
1609 -4459
3243 1374
-1157 2967
1671 -377
-678 2291
-2224 -2767
3563 1921
-3400 -3089
-964 489
-2837 -3596
-420 4708
-1786 -3013
-3546 4275
-4560 -3747
4768 1915
-3094 -3307
2589 633
4502 -3471
-1254 -132
1176 3242
2350 -1733
-2231 -725
166 -3431
2542 514
-4449 864
-973 -3331
-728 4895
-3041 1009
-201 976
-166 4824
2017 2325
-4167 1042
-2168 -1697
88 -3654
-139 2270
4027 -3409
-1588 3305
1327 1665
-2707 2568
2152 1815
4458 -1550
-1866 -2693
-4666 -1255
2205 -28
-3532 2878
-3454 4130
-4845 2621
-2194 -2326
2489 -4676
1283 2026
4669 -1083
3877 -4482
2230 -2231
2283 -1414
-494 -1119
-4564 -2736
1314 -3361
-4775 1664
-922 -4996
-1133 -733
-4687 4463
1712 1609
3569 1825
-776 4355
-2234 4473
-4779 16
-154 1535
-3136 1012
-3070 143
2898 -3625
-4357 3986
1519 4451
-1273 -1290
-1909 762
-4305 3401
3992 2335
-4346 -2154
-1319 42
-3680 4202
-2302 3853
1959 -4723
-4502 3436
3062 -2498
941 1082
-4501 2861
-3313 3040
-1756 -2695
2282 -1005
3673 361
-4284 96
-3139 3120
4654 -3072
-191 551
-1071 1373
-4590 -4010
1097 318
1708 4075
-4836 4163
401 -3365
-4842 4895
-3997 3523
-3325 -2570
1047 886
-774 -836
-3491 -4237
-854 638
4275 1854
1863 -2324
-1206 -1130
-4162 1825
2315 -2776
3145 -1011
3585 -4880
2812 3961
1146 3772
3879 689
-3624 -1799
-542 -4823
497 4737
-3134 449
4111 -698
-1408 -1835
3179 -3109
3189 -483
-1070 -573
1652 3825
-897 -3648
2876 -2598
-269 -2296
2811 1626
-160 -2402
-523 1535
-3968 -3014
-600 3256
4648 -3338
3372 -1583
3442 -1343
695 3971
2608 4892
631 2096
-3537 1397
-3229 -3406
-2950 3499
-1492 -1622
2365 -949
1213 -1202
-7 -547
2440 -3391
31 2776
354 -2103
-2968 -4180
-3319 3954
-373 -1356
4823 -4658
3284 -286
-2567 -3768
3409 351
3514 1018
4092 -773
1646 -4991
-975 -965
-370 -4506
1199 290
2017 -1325
-2384 -606
-4338 1599
936 2146
-1478 1533
4013 4196
2990 754
-3180 3242
1049 -628
1406 4472
-1281 3557
-3225 -3223
-4344 220
2836 -2663
38 4480
-3408 71
-2872 3584
4386 -3042
-1390 -1082
-1594 4420
882 179
3559 -1663
-4414 1925
-142 -4902
-1708 4125
-4783 477
-2483 4614
-2996 3098
3764 -3965
-1835 -4616
-4366 -2712
776 4802
4507 1424
-1745 -1525
-833 697
2960 -3563
-3236 3146
1929 1337
1120 -4487
57 643
-4476 -2417
-4745 -2549
4859 2961
-86 -3926
-4242 2475
1470 -3770
1275 1099
1989 2681
3200 -672
-1863 -2708
-943 4881
2044 -1900
4789 96
1251 2690
410 237
857 4109
4627 -3796
2322 -2407
3690 -1224
1015 -101
1310 2411
-864 4322
-3862 -345
128 -2566
1163 -583
-1832 -140
-4044 336
-3055 0
-4947 -3504
-99 4502
3739 3702
-4782 1777
175 266
3981 -1429
4553 2930
-3065 -1109
1205 3328
-1462 -3490
4965 4014
232 4171
-2631 1189
1936 3764
-3018 -2625
-1138 -400
-434 4394
-4794 640
1302 4032
1000 -647
1000 -3641
3372 -4450
-3997 3090
4456 2015
1720 -1987
1069 -2748
2761 2783
3936 1563
4063 -2861
3356 -2505
-3002 -3869
1755 4317
-935 -9
4298 4704
-4823 -4077
-4751 59
-3393 1719
-1802 2977
-4488 -986
1932 3883
-3009 -2378
-939 -1519
-1718 4587
-3466 -3776
-1849 -1804
2766 -4691
738 4130
-3306 3524
-2905 -2304
-986 -2309
-2953 3647
-1225 86
2293 1935
3049 -2537
2610 3858
-2808 532
-4276 -3705
-1062 -775
-3178 -2110
1112 358
-1442 -1759
-100 -4810
-1743 3882
-3592 256
-2303 -1073
2782 2644
3766 4465
-4087 -2635
2854 459
-939 -4306
3346 2606
-3894 -1293
4884 -1578
-3461 3988
-4211 -2778
-216 -1948
4445 1840
666 910
-1278 902
-4719 3042
2913 43
245 1136
-3585 -3729
1145 -647
2391 240
324 -850
482 -2407
1325 2223
-4936 828
1597 -3957
-712 -4834
-469 394
-4042 -373
2717 1211
4927 -4910
-2381 -3432
2283 1713
4057 3764
3393 333
1305 -2550
91 962
321 4638
2333 -4990
2686 -1773
4443 2436
-540 -1291
-1112 -3392
-799 -2376
1443 4319
-3401 -4979
4684 -3379
-1061 217
-2270 -2849
-2058 529
-726 -2270
-2431 3951
-1870 -4733
-4246 -393
-4560 2972
868 -2893
1069 1179
-2977 4757
3469 2398
-4732 -1578
2115 -4989
-4071 1274
4572 -691
-3668 -3808
-4212 4192
2349 -1414
2486 -3664
-3797 3830
3246 -1805
-2332 -2331
3121 272
-4871 -4805
-401 1821
-4004 2556
1545 -1448
4733 1354
3755 -3362
-4803 830
-801 -2739
4111 2429
-879 -3013
-3320 -4462
855 2261
1161 -1976
-1337 1723
3263 -4099
-1383 1613
170 142
3888 2491
1717 -1764
1768 3382
4043 3419
249 2434
4477 -4817
-1841 -3524
-4350 -1106
-3235 1148
-885 685
1430 4742
-1935 -335
1905 849
-2235 -1928
-710 -4310
892 -925
-3305 -3223
972 -830
-1773 -3384
-3274 1816
2530 -1817
808 2833
-1912 3742
2418 2110
-4040 -4307
-2234 -3470
-588 -2465
-3267 4787
-3746 -3217
-4643 -3994
2512 -2180
3715 4368
-1010 2314
-4592 1192
4501 2034
2454 -2106
-392 -1652
4375 4575
-2759 3708
223 854
991 1825
1250 -2544
4286 1207
1624 779
-2518 4393
2095 1769
-210 2797
-3728 1711
-4817 -2027
-3917 1760
2072 3813
-3957 695
4204 3135
1473 4671
-1306 2196
4142 1281
3283 3820
2624 -3927
-442 2458
-2813 -3903
-1813 -2155
584 -3901
-2883 3799
445 -4692
-3955 -3571
-4180 3839
-2429 -1266
-1906 -1634
3044 -3471
4036 -4944
752 2769
-3990 3889
-903 -2846
-4344 -2913
1414 3708
-437 4990
4607 2327
-2186 -3976
-1990 -3102
-1237 1538
3855 -3152
903 2141
1429 4086
-739 -3062
-2119 -1693
2852 -4840
-143 -4773
2713 -1475
-3800 4138
866 2061
-2470 598
1298 4498
-2538 2341
-4890 -2079
3626 2609
-2190 -1637
-628 1155
-2339 2946
-2529 -716
-2325 -2273
1974 2934
-368 -263
-2537 1093
4189 2008
-4140 4590
3430 -895
1104 3319
-4863 -1689
549 -1305
3935 -3402
1593 1938
55 -2269
-3314 -2917
-3055 -3719
-3086 -373
665 4275
-1928 3755
-2657 -2457
-690 -3897
3160 -3045
-4395 843
560 -4782
3488 -3050
4206 -2236
-1981 3342
-883 4211
3546 -3566
3162 902
4840 2779
68 2976
-2219 2048
-2126 3645
-4413 66
2701 -1166
2961 2856
442 -1061
1674 -2559
1511 1266
1574 4026
875 4344
-3030 -3566
-4391 4461
-3273 1680
-3365 1987
3452 201
-2995 -1370
1863 -1561
-3393 1992
4351 4635
579 -4427
3227 4520
39 4414
-4031 -791
371 -2006
2394 -1913
3216 1688
-1644 3317
-3241 -71
-1786 -1016
4369 -4600
1377 3783
-2717 535
-4421 546
-2642 -2797
-3342 -4643
1040 -1249
3232 2625
-782 -4359
-4075 3854
-2549 3959
-1462 1636
-1423 3030
-2757 -4695
-117 3683
-3451 4519
2928 -1872
3348 -4651
742 1707
-174 -2447
-4662 4489
-2584 1563
-2974 4044
602 4305
908 3220
-931 -2343
1728 4947
4711 -2581
-4127 -1056
3168 321
-1883 -4938
-3969 1128
625 -3352
-1257 4396
-2505 -691
-2898 3826
-444 -514
4932 -2663
1646 4759
3531 -2837
1410 3871
-4760 -2504
-1959 -3302
4500 797
-2204 4474
-3137 575
3943 2961
-4199 -2469
2017 -4466
3296 1843
-3755 -3273
4483 2738
-2671 1210
-3965 -2303
2112 -2089
415 -869
1853 -4207
3546 -2444
1394 4177
-142 -1073
-1536 3748
2800 -3971
-3869 820
3418 662
4123 -1642
-2540 -1300
-1157 -831
1783 4792
-4283 -3515
-82 -4690
-3874 4091
3225 -2613
1974 3448
-208 2927
1610 4449
-2943 1450
-4069 -1931
-314 -1863
-1637 -181
3356 1337
-2357 -2963
-4813 -1412
4199 -4180
-2597 2243
-1974 4157
-4287 -2636
141 2170
4371 -3432
-1200 -1077
-3252 1862
-1761 -4573
-899 -2084
-1293 -1610
2591 420
-2241 1168
4775 -4834
-858 -3005
-4457 2757
1260 1173
2237 -4807
-3921 -1696
-4018 -3940
644 -4275
-2528 255
-3908 -2968
-910 873
-1932 -167
4546 4994
3 2259
-1629 -545
3951 4759
-606 -3416
975 -1526
2795 -3563
-2092 530
-2147 1141
-4454 1895
55 -3418
2487 4442
481 233
988 3343
374 -4145
2700 -3066
2206 -1432
1129 3240
-4715 -4409
-3138 -4891
2857 1857
1113 -3733
-4231 -1583
-956 -2478
2624 925
4899 -3471
-2273 -4900
4812 3353
-382 1755
4211 2106
2708 -4496
1836 3228
1835 -3811
2734 3016
-2886 -231
-2320 430
-1539 1340
-2791 308
700 -4750
1768 1650
-257 389
1305 -3039
2766 1230
4257 -2837
2345 528
4754 -2835
4440 2537
4619 -3599
206 2734
-3896 2696
-1508 769
-1106 2000
268 -2414
2991 2785
251 436
1087 3652
-185 2596
-29 3949
-4370 1239
-3398 679
4876 3351
-3399 2644
4024 2355
2972 -2329
3952 2827
-1465 -214
4443 -4052
1386 -3792
2943 -3074
897 -1018
-4575 -1717
3078 2246
1189 -778
4393 -3704
-3477 537
-1525 -2366
-2758 -3762
2743 -2254
282 -2655
1520 4793
-2906 1281
-1069 -4983
1570 754
1361 -3881
-445 4836
-2650 -1976
1891 3193
661 1474
3018 -1657
1261 2329
-2383 2861
-3835 675
2012 -4489
-1346 2452
-143 -4853
-3233 -3138
2809 -4501
155 -3953
-896 -3290
-727 2495
1298 2591
-816 4443
3344 -3905
-1933 -4709
-918 1363
-1500 -1370
-3568 1623
548 -3579
3015 3285
-4394 4994
-946 -2808
1394 286
-2423 -3714
4856 -1771
-1070 2165
1630 2899
-2604 4784
-1427 4229
705 -2255
-3662 2164
4822 -2589
4046 708
-2216 4803
-2147 -1075
2655 -4221
-192 2696
4707 990
-4388 3034
-2983 -3661
2153 3293
-17 -2597
-2132 -1498
-3243 -792
3141 -4911
-3757 -4108
1767 -2985
3185 -1331
65 -3293
2938 -493
-2818 -3632
2597 2502
208 -1781
612 1422
3216 -3439
-3530 119
-2281 3492
2129 -4081
-4550 -3181
-4262 -3231
4992 -1518
-3105 -1012
-2502 1093
2737 -1460
-245 -2847
4906 3832
1123 -3218
-3156 -773
1650 -967
-2624 2480
4461 -4900
3093 663
53 -2873
-1458 2280
2313 2375
-2513 4267
-3933 -947
-2875 -3892
-4126 -1926
-1221 3512
4086 3361
2575 3539
2298 1349
4350 -3591
-4531 -3877
1131 1081
-2490 -2521
1238 -3109
3425 4354
4544 -3439
4758 2068
2842 -2246
-4253 4811
-625 -3717
4497 1487
-2053 754
-3342 660
19 -2943
-230 -2049
379 -2297
-4507 1060
3596 3149
-1050 -2704
-4128 -2667
-1877 1509
905 -858
-3021 -1645
-2076 3129
-4741 1896
3871 3262
-3811 -3140
3332 -4768
1141 3996
3005 -496
2722 -2641
1086 1934
3055 -4074
4146 221
-1791 1579
-4563 -1152
-3075 -2983
4660 1799
3504 -4910
2374 -1975
-863 3147
2911 -3449
2891 4437
-1271 4557
3495 633
2803 198
568 -3377
1532 2009
4658 -3143
1228 4822
2584 68
-10 -3292
-3772 1732
-1320 -3042
4142 992
4340 -4060
-409 -769
-2483 -3294
-1116 30
4914 -4752
-4185 2447
705 589
2944 -1862
-4302 -1643
4235 1077
3583 -258
-2967 -1069
-3375 -35
-3974 -1904
4246 -4009
2609 -56
710 -3084
4947 -436
2877 -4346
-2011 1685
97 -296
2975 -3679
1397 -4249
2838 -2067
-2014 1290
1120 -1443
-1078 -572
-3033 4968
-1242 -2554
-3218 4030
3782 3601
-486 511
-630 -574
2487 2204
1846 133
3178 -3029
-2700 -4148
-3147 2712
2556 -2390
-126 -2719
704 2760
3276 -1654
-3197 2257
647 -691
405 -2574
-1529 -3168
-4252 3518
-784 1874
-4470 2868
-4154 1973
-3271 -4654
-2700 1470
-1923 1140
902 -1431
-343 278
-1798 -3762
1586 -3467
54 3019
4118 1109
-4753 4848
-88 2782
4922 -1512
-207 -3120
1701 4717
1405 4154
4350 -530
982 1202
-837 -3064
712 -4228
1855 290
3880 -2322
-3180 -4701
25 -4019
-2332 3307
-4730 4560
3875 -2935
-2712 -207
3656 -2229
188 -4106
3829 2054
-1892 1980
-4247 -3641
-3170 3202
-4869 3380
-2269 3731
-700 2884
2783 3315
-4047 -712
3292 -511
-2552 -3918
447 -3382
996 -1681
2535 266
669 24
3861 4410
2630 2455
-2848 -2017
-296 3733
-4221 1424
-4437 2450
4551 -4011
438 -435
-4920 -2255
-1217 -743
233 86
-360 -3495
-2061 639
4608 2398
-3106 -453
-453 4957
4162 657
3857 2027
2430 -2401
41 -769
2151 -3210
-1597 3431
4439 -4125
-2306 4757
233 -919
3150 1092
4630 -806
-2884 -4332
3405 -3661
-3430 3422
-1821 506
-1306 -556
4302 -3734
-2333 1580
-1506 -2948
836 -3965
-1754 -2130
-2395 4016
-1612 2288
-4239 4234
243 -685
-2258 2445
1638 533
771 22
-4530 714
4196 149
-1777 -554
4410 2396
-3583 40
-1426 -1915
4521 1585
-1346 3527
55 -4183
-4753 2276
-3127 783
-3548 -3696
1892 1281
1550 1200
1790 -633
-854 -1343
-3433 -427
704 1491
-1280 -1648
-579 3926
-2532 3008
-4220 136
-1339 -2207
-4558 4213
-3972 1834
4433 4820
2071 -1575
-676 869
3838 3446
-2417 -3155
-1157 4188
-133 725
-4543 -698
1140 963
-293 -2995
4890 -2365
4431 1971
2383 39
-4363 -2416
588 -4835
-3746 2476
1683 1928
-538 456
3951 2126
2711 4191
2539 35
-2999 -1021
2106 -524
-594 4162
3074 -1540
-4330 -546
-2328 402
-3148 -2573
3104 3087
3196 4935
-1150 3076
-2893 29
-1624 -2238
-830 802
-3097 -3958
-1791 -4185
4772 2353
4009 2361
4288 4726
-589 4407
2529 1864
-1718 -1685
1973 -1817
3707 -277
-4462 3538
-3724 -754
-4079 -2795
4263 1659
407 -3589
-3003 4162
-4205 4872
4378 2349
-3950 -894
4783 4184
-4600 -2537
2036 -4640
4197 -1216
-2269 -4752
887 -3336
4272 -3007
1585 -4639
2211 -3904
-1453 -699
2512 -2486
4881 976
-4052 2749
4251 4361
-696 -1608
4708 -1401
-1661 3002
2008 4132
1438 -4282
88 -1101
-1327 3461
-3307 -4827
1638 2599
-2890 -3077
-832 -358
4366 2240
3403 3550
-3290 4029
1526 1613
549 -1475
-2736 4842
4637 4413
1458 785
-4018 -4614
80 -216
-2829 4746
-1876 -3756
-733 1045
2652 1422
1789 3271
3513 -1709
-9 86
-2992 3894
-2858 3818
1459 4215
-4279 4932
-1214 1670
-2257 -4270
-234 3761
4496 -1979
4719 -2403
1999 4110
-2277 -269
-3854 3827
585 1783
2838 -4334
-4918 -4719
-1301 4517
4057 2286
-3034 -2700
-1413 1059
-1156 -3
3299 -3767
3402 4136
-2254 -3315
1119 2684
2314 2249
-48 -4518
3087 -1278
-3057 -2281
3306 -2112
-3594 4580
3068 -185
889 -728
389 -333
1254 8
1290 4002
-2074 -3232
-1456 -1199
-1873 3877
1792 578
-2882 1532
4617 -3736
593 2006
-3721 4129
1037 4723
3033 4983
-1843 -3002
134 -2454
1564 3356
1592 -3510
-4950 -4129
1651 439
1738 1881
1817 -4382
-4018 794
-3916 1658
3619 3269
-1819 3952
-3143 4806
4303 3733
-2003 4500
-3213 -3780
-1086 -2108
42 940
4168 -2865
-3329 46
3444 3398
2226 -470
-127 -4770
357 3331
2064 -2673
-1303 -4749
-1673 3289
-4306 3967
4700 3887
-103 3195
1313 -2074
-2539 -475
4141 -4511
2309 3787
-3236 -246
1959 -4288
2019 1811
-1858 4776
84 -2805
3286 3318
-1931 4526
-4062 4347
683 4959
1782 4371
-3122 4264
3868 1755
2247 -3001
643 950
3183 941
-1815 633
2449 3320
3788 -2341
-4961 3957
-3097 -4707
-336 3063
3144 748
-3979 3002
1979 1317
74 -4845
-2060 4233
-3857 -2077
-4409 1691
2629 2204
-4167 -2410
-3401 3077
1904 -2931
-1197 -3181
2929 877
1059 -77
-1431 4040
-2353 137
-19 -3838
867 4072
-4561 39
-4817 -347
2346 720
-1375 -680
-1131 -42
-4031 -2010
-2235 -694
2089 -4250
917 -567
777 80
-926 -4076
-1893 223
-3567 -3677
-806 -618
2231 -2107
2403 2858
1923 4000
-4840 3801
3148 -4692
-854 -4729
-1593 1123
24 1806
-3119 -1468
411 -833
343 2338
1051 82
3597 4520
-1497 1514
4920 4422
-473 -2880
-1337 -4828
769 1560
-4846 721
-3473 2389
-4028 -3438
-3723 655
4234 -545
-2705 -4424
-4146 -3137
-944 3639
3738 4284
-1751 244
224 4278
3430 -1393
2731 3573
731 -2889
-4366 1175
-1242 -1449
-4459 -4474
-2134 -2427
-218 -90
2682 667
-849 -4691
-4803 -2558
836 4152
-3662 860
3757 -826
-3378 -438
3242 -636
-3989 2675
-678 4536
1991 3141
2314 2111
-4489 1542
-356 -4551
-2870 -4238
4850 -1054
-3392 -2372
-616 -181
-1016 2494
1230 3020
3462 3631
4598 3953
1292 4538
-797 -2869
345 -245
4614 -2018
-3259 817
-2625 1461
-1869 -105
-1044 2465
-3221 -2917
1483 50
21 1872
-2898 1779
1447 1929
-993 -4334
4942 -4153
3855 -2932
-1572 3063
246 1785
-2151 3728
-3288 -271
569 -2276
-1164 648
-3921 481
-4904 -2210
1414 2156
-1379 610
423 -4033
3499 -2333
1296 -2925
-1102 1004
4398 2101
-3268 -2803
3323 -1060
4993 -573
2726 3668
3868 947
-2922 -2948
-2457 2781
3382 -2023
3779 4283
2833 -1708
-1086 4874
-974 4618
-4135 -1148
-4240 1510
-438 2027
621 -340
-2621 -2555
-3413 4697
4818 1637
-2422 3338
4301 -4880
-1154 -1731
-218 2587
1625 4116
-4559 2267
-3404 4246
-4552 -945
-1197 -1700
2036 -1073
849 3224
660 745
1078 -2704
4374 -4031
-1406 3466
-2871 1615
-4339 -2868
-888 -30
1960 -4299
3766 -3709
-2661 1095
-4759 -2619
-4502 4758
-2218 4927
-4836 -2025
3794 -3662
-766 -508
2082 1323
-2345 -476
3059 -4465
-4492 3886
2871 4770
-701 -985
-2545 3896
-2564 4412
4488 694
-4357 807
896 -1138
3066 271
-2615 4078
957 -2798
-3428 -3823
-3989 -3197
4973 4780
-1617 781
2772 3870
2090 4328
4496 -3571
-3385 -1565
2807 600
-1519 1381
2936 -107
332 4354
2855 -134
-3959 -1537
-3356 2616
-4116 -3846
-4845 -2923
-1436 2535
4159 3676
-1860 3122
-3507 -4317
3604 460
3198 -2038
1464 -3496
-2668 2978
1299 -3694
-4554 306
728 3779
-353 4694
932 1881
1601 3374
4281 3076
4277 3348
4232 4015
1426 3053
703 -3264
3874 -127
-2674 1904
3740 -4452
-3949 -2318
2884 4245
-289 3741
-1713 4045
888 2137
-3845 3246
-2736 4455
-1232 -1877
70 716
1148 1575
-357 3857
4381 -3297
951 322
2089 -3673
4066 1173
-2062 -1925
-56 -702
1099 -547
309 1353
-3899 4843
618 -515
2692 4308
-4471 4864
-2739 2785
3241 -4489
2277 1874
2204 -4713
-1924 3936
-4254 -13
3702 3518
-3928 1793
-331 -6
1680 -4041
4933 -4159
-2800 279
-4020 -2082
-4267 4587
2933 -1544
1618 2846
-1721 2311
3819 4727
-4879 4238
-2485 3914
4435 -355
4154 -4096
-1426 -909
4329 -3916
-657 -4642
-4403 4190
-4360 -94
4494 3332
1046 862
-2801 4977
-2436 3846
4723 1343
1981 4365
2582 1408
-414 579
3848 -1980
-318 2348
3124 -1091
-4559 2728
1433 -1903
2522 -2755
1100 617
3328 -456
-1640 -810
4119 1850
3629 -2825
-2383 4852
-3895 1307
-787 -486
-3230 -4848
-4417 898
3905 -2951
4250 -894
4086 2207
413 1862
-1231 -2605
3149 -4244
-981 3962
-1542 2179
-2253 -1094
-4086 1428
-2987 513
-3086 -65
-4123 -3158
-2500 -82
4689 4265
1381 -974
-1694 -139
-1077 -2468
-4631 1652
1831 -733
-2633 4804
1017 1204
2548 2357
-2374 977
4317 4271
2340 -2654
-3898 3105
3522 -1710
1655 -2001
3528 -976
4238 -4146
-3257 2562
4127 -1678
-3273 -2376
-4174 247
-4308 3749
-3144 -929
-2700 -3164
-66 4531
3506 3424
3928 2507
-2577 226
-3035 -3424
2849 -872
2169 -1886
-4404 -2985
3079 -4869
-905 -2806
-3803 1221
1849 -2730
2076 4661
3259 489
2966 4698
2507 -4762
2000 -2793
3722 4558
3382 3117
-3251 -943
4785 -1701
-961 544
1377 -787
-3404 1185
2613 1904
-2637 4678
-3901 -2885
-2564 2112
-1349 400
2219 1617
-3438 -2466
4229 1342
3937 669
-1235 -1666
3765 -4574
-3947 -1675
-2409 4159
2286 -2647
114 -4059
-1045 -2517
2053 1785
-3676 -1282
-4775 -2174
464 -36
-2236 -4301
-911 -3110
107 190
2803 -1710
413 1092
4883 3091
1081 2133
4687 -772
3339 -3382
2486 -688
-4898 -4125
-2494 925
-4888 -3256
1752 1126
3880 4845
611 52
3174 -3908
-916 823
2305 1412
-3367 1427
618 -2142
-2402 -3368
-581 -3986
-3639 -181
-4198 -3831
-143 1793
-2180 1264
-2941 -2129
-3859 -3278
4118 -890
519 1596
4557 865
315 1103
-1486 3169
-3496 -2328
-3883 2680
-2617 4306
-2122 -4384
2132 -4243
-4837 371
-317 2223
3056 791
2500 -4060
4041 -2692
4156 4667
-318 -1881
-4635 -5
-4697 996
-3528 -2728
-148 1495
2538 1539
-172 -612
3630 -741
2450 -4869
-3389 3938
-1805 3604
-1048 2593
2474 1498
912 2702
-2261 -1945
-4985 -2773
-1731 -1448
-1861 948
-3295 2861
2868 -2382
-1794 3878
-4066 -3154
4500 990
-1704 -3935
-3857 -581
373 3131
-1226 4991
4316 -2935
2980 104
1224 243
-2464 371
-4527 -4603
409 -4758
4588 1810
3775 -2452
1887 2634
-3857 -1151
4608 -2279
1817 494
-493 140
-3063 -474
3177 740
-199 751
-4005 -4762
-4831 -3398
-228 2921
-4364 3556
1957 3522
-121 1573
2356 -3153
589 3151
-440 -4985
-3634 2336
-4733 4943
-4241 3233
-2202 -4364
-3863 -1687
-493 -2139
-1665 1548
-4747 -3402
-2370 3410
1114 -1919
1156 -4234
-3127 -1115
4109 -2623
-128 -4659
-3190 4932
4846 -1174
4773 1007
-3104 -627
-1083 1469
4417 -152
2073 816
-2263 -4477
373 1914
-4911 397
-3138 1222
3936 -2770
3274 -1815
-556 -2268
-2951 -2275
4120 1177
1470 2924
3733 2137
2863 4252
-2 -4615
-3942 497
-4377 -3719
-4024 180
1350 1085
-4013 -4000
-3357 -500
-1409 1453
-2119 3345
3526 -2482
-2384 1653
-2320 2196
-4310 -2919
-4464 4705
2351 -3124
4942 4277
2637 4220
-4537 2395
-3301 -964
-4791 484
-2068 3376
1060 426
-2438 -1293
1285 -4219
-4239 -3323
-411 -3888
-2752 -603
-1412 4038
2517 2525
-761 -1971
-2334 938
3459 284
1240 -1026
-3076 306
1458 2068
-635 2584
-4166 1922
-1559 4706
-727 -3647
4355 3693
-429 -3509
4522 -2270
-46 -198
1658 4882
1747 -4516
2383 -3144
3183 -1911
818 -821
-1696 3866
-185 -3862
808 2572
3563 -2382
4937 -3958
-3798 818
-3708 1934
-661 4991
-1085 -182
-3636 -488
-187 -1696
4529 -4116
2603 -1460
663 3354
3244 1915
1438 1612
1471 1797
3742 2676
2985 -3026
1894 -177
-3516 -4420
1712 -3478
477 3078
2092 1313
3755 -3394
-1610 -2358
392 4378
-76 -4888
3201 3565
-3842 -2179
1673 462
-1030 -3826
-2129 3600
-4265 -106
-1003 -4804
-2570 4161
-2122 3765
603 926
4037 -2921
2707 2240
331 4906
-2847 -500
4594 -4239
4803 4149
3729 -248
741 -2623
851 995
-854 3015
1144 2273
-1355 768
1337 -3161
4841 -462
1061 298
-2494 2720
-3613 738
4913 -934
1260 -4742
-1658 -326
3827 -103
3145 -4131
2916 3329
2753 -585
1964 4072
-1926 -3422
1678 3150
-2797 -106
-3423 -1552
4592 293
-2161 4742
690 -1618
2710 3442
-406 -3222
1727 -2206
2468 4877
-131 3300
-2743 -3670
-2303 1304
-3277 -4756
-3526 658
3841 -3049
2881 -3965
4863 2274
-2072 3412
2052 -3374
4706 -965
