8000
1141 5578
5880 3123
6640 1384
3051 6497
-1620 3038
-253 -3839
1054 5627
3641 -3163
-3576 2379
4721 -4277
-1998 -1883
-3316 -5700
-6375 -454
6383 5389
287 7265
4709 4658
1243 -3222
2887 5219
4078 -2867
854 -1300
-6594 2296
7945 -6436
-2821 4878
-3427 -91
3006 -1388
-6772 6125
-5129 6058
-1159 -1813
-904 -1564
4276 -3529
6038 6819
-7772 650
-5550 2516
7196 7346
5153 5652
6032 -6094
-1675 -4975
-2907 3258
277 7536
6584 7270
3665 -5976
-2572 7256
2901 -3945
-6356 3167
-4866 -7236
4048 -760
3164 7936
-4412 -6910
3801 2677
-7802 -4825
-7624 1110
6461 3339
-2652 5726
6083 2587
-1865 7341
7818 962
5564 -4533
4514 -5527
-7791 -7385
-6377 7057
542 -3490
3563 1821
-1378 -3315
-1995 -6073
7987 -2897
1650 -4
1841 923
4746 -7566
-6389 6851
-782 -1134
-6640 732
4471 -2211
5374 7198
6572 4614
-7754 -2663
-7982 6562
-5682 -5534
-913 -3766
2030 -3164
-3368 -7386
86 4358
-1139 -5540
-4767 -6480
-5163 56
-2456 -7402
-7997 -2673
7068 -6930
-5739 -6041
-3167 2774
-2915 -6121
-5215 785
4869 3907
7789 -6906
7961 7293
-1253 -7262
-5705 -1999
-1781 4290
6276 3353
-3324 -2231
-188 3725
-5846 3198
-4450 5519
-6816 123
4785 4129
7240 2711
-3059 3242
3183 762
-850 -4698
7026 5344
921 6498
-6059 1323
-2046 -2858
-7411 6507
-2747 7340
6925 4061
-3670 4416
-5543 6822
5253 -7900
3286 -5251
5158 7845
-5189 2851
5672 7721
1997 1662
-6896 -1374
3567 -4425
-5434 7777
1810 -5057
2935 1496
2691 5126
994 -2534
209 55
499 2501
3878 595
5942 -1831
-2585 3554
-3886 3229
2853 -2357
6890 -51
6722 1015
-7966 7861
2250 4488
6671 1295
-2749 5124
2838 -7136
-1331 -6916
-7266 -3602
-4333 -4008
-2224 -2251
-1143 7143
283 2675
-3068 -148
-3422 5094
6003 3706
4478 -4222
-6004 5999
324 -1272
-9 -1317
7857 1828
4146 604
-2030 7964
6726 1893
5527 -3089
-4593 -103
-1249 3044
-835 3890
-1944 7235
7185 4427
-2856 -2187
5154 2149
997 -1541
-5011 -4163
5482 2226
-3454 6055
-3714 -2704
-862 -3237
-136 -1824
314 -1708
5661 5702
2493 -5682
473 -7823
-4882 -1943
6802 -6046
-6284 6634
-6054 -7823
-1484 3627
6200 -5681
591 -803
359 -5044
-2944 5607
-3663 -7174
-897 -5581
4446 2289
-7250 2477
-657 3265
4684 6427
6884 -5849
-5544 -78
7996 5447
-7186 -6362
-2087 973
1594 5371
-1753 141
3229 1354
4198 -3500
-4485 2413
718 4282
-1761 4928
1947 4482
-3933 -5885
-3440 -5676
-6830 2505
7044 3579
1127 -6077
-2670 -2809
-6505 6936
7811 -5426
-672 -4767
5997 -91
5313 7666
-2990 -2156
6259 -528
-4516 -77
-2819 5854
147 891
4731 -6261
-131 4564
-2984 2808
-3744 -2828
2772 6274
2028 -3260
5028 -295
4401 891
2366 -3086
-6910 -6
-6007 -4657
-2884 4732
7092 6056
3751 6747
-7898 5580
6485 -3339
-1209 6658
5460 -7903
3709 -5382
-5308 7090
-5317 4902
5342 -7190
4742 -69
-7221 2394
-6411 6962
-5806 -616
-7235 -4597
7699 -2294
1403 2686
4943 5986
982 4243
-6211 -5205
-1403 -569
-4722 -5328
4539 -767
-3196 6775
7194 -4224
5166 -3441
-1242 3113
-3785 -4258
-7571 1937
-6194 -2821
-4590 1989
2652 5900
-145 6178
-2696 6841
2055 6256
4825 -7971
861 274
-968 5177
1057 -4351
-2379 -1747
7668 -6404
-7940 4544
-5219 7107
3877 2798
5447 -5546
-5710 -6298
532 -3527
-7115 440
-4726 -1551
1498 3405
3256 -3824
-4665 -6050
6305 -2556
7025 -1985
6470 -7461
-2798 4069
7738 6339
-4151 7954
-3555 6801
-992 2576
-1968 7319
-1086 2569
-999 -6879
-7729 4426
3354 6272
3055 742
1692 3635
6893 4368
6550 -942
-134 -864
-7247 -726
408 5698
1921 4762
5412 -1074
4743 4038
-6582 -7321
941 -2471
-2769 -4339
514 -433
-2064 -6649
-1981 2689
-2573 4398
-76 -1581
2908 -2611
5190 -2168
2353 714
4800 4595
3643 -2637
-6636 2884
406 6090
-4726 2272
7810 6555
-5022 -673
-7306 583
6951 -3943
926 3544
6272 -6866
-5892 3160
-2212 6054
-707 5865
2476 -5628
3543 785
1158 4134
-4927 1169
7651 -502
-5116 2491
-7716 -5910
-2382 -4431
854 7976
-6380 6735
3294 -2357
-5762 3241
-462 -6229
-7287 7792
-2979 -3310
12 1358
-5984 425
2988 6290
2469 -4310
3962 7860
7748 -3390
-7478 746
-6730 1620
-715 -3579
5080 2101
-1723 -6681
5718 411
-4416 6049
2208 -4257
-7175 1240
-4256 -1843
-966 -5098
6429 -4008
-7189 -2762
735 -72
4580 -4552
-5853 5287
-7560 3768
7835 2088
3742 3434
-4376 -7207
7738 -5898
-5919 -5090
1787 2907
-2318 -6908
-6272 6525
1488 -260
4111 312
-7141 3948
7615 7728
-7714 -6545
-1682 -4035
7939 5101
-1016 -320
1689 7894
5602 -6908
2079 4419
4255 -5599
5139 3391
-555 6121
-2912 -6182
7607 -3626
-2688 3155
2182 4826
-2324 5156
-7658 -7014
802 -5279
-6967 3871
603 7547
3364 -7994
-7043 -7401
-5474 2102
5168 4007
3029 2637
-4130 -3549
5719 665
-5579 2375
6686 -5387
-1512 1645
-7318 -1179
335 1633
2257 -210
-4505 7498
5851 3479
3248 1766
2139 -3246
274 -6476
1608 -2578
-2789 2284
2508 3501
-5534 1469
1684 -1360
-3784 -7361
1056 3489
-3169 -811
1869 5780
5280 -3385
-5908 7739
-7312 7369
-7584 -7659
3019 3260
4198 -7190
2979 6713
208 -6479
2031 2180
-6349 -3700
-2002 -1527
-1656 6992
-2729 3710
-1302 1552
-5645 398
-7036 -182
-3255 -3419
-3695 143
-7972 126
323 -2484
-3169 5083
-4671 1991
7569 -1431
5611 5925
2550 -5027
2515 -5049
6777 -222
-4359 -7046
-3113 -1555
6403 -4684
-6783 -7544
7227 -4781
-6427 7767
-3157 -7049
7657 -295
2409 6089
6817 7026
3310 1925
4724 -3614
7844 507
-2270 1762
-1917 3939
2713 -3545
4298 -6736
3195 -4469
2819 5838
2619 -5873
-1283 -2504
-7812 7032
-1505 -6634
-5497 127
1693 747
-4724 -819
-5201 521
968 -5661
-3139 2268
1032 -7697
-7617 -7559
4475 7992
6704 5549
5929 2837
-3899 -3296
-5162 1610
-1540 4760
-4057 3527
-1704 387
-5786 -2193
-2086 5529
4883 -7545
-2675 -5349
-953 -5010
-953 -327
-2312 -5958
5855 6668
2810 5844
-1376 -2608
-5820 584
684 1271
-3960 4456
-6407 -3473
2131 -5255
1713 -5442
6168 300
6612 5697
51 6262
5748 -1396
-2933 5743
5172 7905
287 7949
3886 -3597
-3504 -1554
5758 4525
-7397 -5955
1657 1907
-734 4480
6500 3423
-2054 -3525
2030 1070
530 -4553
5137 4795
-4908 -4129
-5601 816
-5551 2822
3223 1650
227 -4137
-7583 4967
5745 4113
-3625 4656
508 -606
1244 -4816
2486 3715
-4977 -2153
-6832 -5520
4089 1283
6667 -6686
-1839 -1619
6744 7860
-1170 -3485
4665 5148
-230 446
-6052 472
1814 4031
2906 6349
7400 -4534
-4026 1658
-3110 -1266
5123 7187
4597 1121
1967 -3661
7005 -466
6602 3061
4991 -1255
-281 3842
-6627 -4714
-7812 1304
6256 -7297
-2288 -935
53 3317
-2380 7334
2181 -6186
-1445 -4189
-5272 5345
5948 2928
-4043 722
-2325 -725
-6307 3467
6706 -4871
-2830 1934
-1017 1235
-1540 -5685
1282 -6964
-6602 4990
-5652 6891
4709 1304
2951 -3229
-4283 4034
3762 6438
7469 1917
-7416 6840
-5021 -5543
-6764 3002
4369 3313
-4358 3985
6322 4430
5366 582
1321 -1531
6468 1976
4988 -905
4884 -5520
-7506 -2361
-2364 -2354
-1464 -6224
-3281 -1643
-4884 1713
750 -3550
-3020 2012
-3115 -5028
-3834 -5332
-6461 -7576
2961 -2334
277 -2914
6977 -6340
365 -7464
7335 -757
5830 4125
1186 -2623
155 -7761
-816 7715
6950 5142
2161 6492
2445 -4659
6464 -7071
4667 -1185
7872 -1415
-5894 7094
-5492 -2271
-1845 658
-6054 3773
3788 7337
4458 3221
2887 -3105
-2737 136
2015 -5754
-3387 -7672
6397 5940
-5524 7176
-4778 6701
1757 -4596
7691 -7126
2859 -3541
-3925 -3967
191 -272
-366 -6622
2314 -6458
-1726 -6500
1638 -5129
-833 -6290
-2902 7101
7001 4988
-2163 4922
-1992 3998
-6575 -4212
-7860 -5755
-2934 -5317
-6498 -4839
5980 6223
-7588 -72
5950 6690
-2593 4092
4069 30
-4593 -340
-5151 -2562
-5504 -4999
-5112 -6445
-936 3793
-2065 -5030
4281 5591
7597 -6726
3254 7750
6755 -153
-5297 -2751
-6810 -1354
6464 -515
-1201 -4079
6093 4239
819 482
-6039 7270
-4687 7440
-5661 7511
720 -1211
-6951 -4258
452 -570
6547 24
5322 -6073
-5089 5983
-4238 -7680
-2770 5551
-3784 -3822
-4284 2019
5166 4008
1940 4414
-3384 -5361
6915 -3585
-3176 -1266
-5050 -6648
-2111 -4474
-6385 -4392
7773 -4299
4949 3105
-2640 -7591
4135 -6284
-4767 7604
-4732 -5234
840 5092
6689 -2005
6152 4966
-7032 4365
1298 -1514
5776 1911
-1563 -1045
6270 2446
-6295 -3257
-5751 3053
4663 4148
4464 -1961
3337 6767
-4367 -6398
-3428 4573
4593 7736
2516 1838
-6301 4317
-3594 6828
-984 2565
5797 2253
-4167 610
-5219 -2915
6772 7130
-4776 -5558
7999 4076
-2646 -7490
-2082 2411
-573 -6180
5122 5694
-2923 5687
-1415 393
-7435 1864
-6382 -2610
-7343 5410
-6931 -6861
-1038 4062
-6890 -2311
-3255 -1101
7473 -3030
-865 6405
7277 5512
2997 2974
-1711 -604
-6914 -2185
5257 3072
6679 -7279
-6040 -908
-4346 -1762
7355 7897
-4901 7549
-7789 -4787
-405 3546
-4903 272
-1388 4540
-6961 5348
-2601 -5785
-3172 4083
6235 5912
-1426 7686
6039 2382
603 -6825
4280 -6737
7295 -6662
5167 -965
2516 -594
-6410 5655
6436 -157
-7543 -4477
4703 -4866
-1917 -7421
-3070 -6425
-4171 -3775
-1090 -6860
5403 2856
-4610 -1763
-4910 3487
-5462 3496
-3735 -6227
-4987 -2052
-4789 1165
3188 851
3113 -5896
-7515 -1018
-7575 6570
-2898 -1724
3170 7434
-5167 -5447
5602 -3999
-1159 4936
4748 -7950
2381 -7155
321 7129
-2304 474
6617 -2788
-3299 -3214
6380 7877
-6439 5333
-7171 -6938
1252 7122
4913 -3175
-1348 -6928
-1920 46
-7432 -1288
-1277 2836
-1794 -5134
-4972 7855
-607 1276
-921 -1870
-6611 -5554
-1456 7403
5779 -4030
341 5618
-20 -2733
7166 -2261
-3857 7007
-5092 -5274
760 42
7565 -931
-6066 374
6310 6401
1749 -7329
-3267 446
5975 6293
6532 -5073
6270 -5981
-7856 -1064
6389 -4834
-2561 -1407
1669 -146
1723 -1794
-5187 -741
-1435 7717
-3725 2431
5646 5567
7316 4603
2134 -6525
-6118 5401
-299 -2488
-6790 -3243
4531 -1069
4523 6014
-2266 -7286
1519 3482
4077 -2609
-433 -7883
5864 -1737
-261 5414
4429 -4490
5039 4092
-4392 7313
-6098 363
-3661 6381
-7098 -5235
2974 -7624
5274 -1615
-7832 707
2595 6612
-4106 4411
2846 -5563
-5323 4662
1778 -6969
3027 -5503
7255 4157
102 6942
-6191 -6263
-3584 5297
-6936 -5578
5359 -850
-5983 4954
538 -5451
-14 -2788
600 -4777
6634 6307
1982 7964
-1479 5011
-7484 5903
7622 1887
7750 -1832
-7468 3
-1746 -2335
2432 -5927
6354 -5092
-2085 -5925
-6136 268
3479 -1655
1877 4614
-4574 1288
-3930 3654
5800 7894
5710 7522
3775 7059
-7530 7517
220 -5038
-1282 1916
-258 760
-7663 1060
-2945 5421
-3597 6326
7075 4676
231 -764
-6371 -5336
3241 2056
6621 5049
6837 -6284
-5451 1034
3469 -6354
-6750 1442
-1926 -7737
166 -1842
5576 -4893
914 -1280
-6865 3539
1285 -7309
6932 -1154
-1607 -7972
538 3425
2865 -7694
1071 -6897
947 838
-6643 -309
-3879 -3192
4618 4192
5477 -3122
-7620 2124
2005 2216
-3307 -2182
-2919 1259
-5899 -36
5624 6173
-75 2778
4382 -1891
544 6966
6855 6867
2006 5758
-4210 -2200
-5362 5588
6052 2652
6140 2110
-5490 2393
-6675 4296
6351 1005
-3442 5190
3541 -2650
-2764 2932
-7354 -3867
-3396 -4482
6046 -4897
2856 -4757
-2838 7718
2157 -2180
-5588 6900
6890 -7571
6914 1339
4115 4598
5741 4958
-7533 -6666
171 -4374
926 -497
6491 1502
-5389 2072
-5374 1250
-2502 -2967
-1255 -4766
-4778 443
7732 1349
-6799 1026
-7831 4576
-4309 -1561
-7995 -862
3772 7982
1003 5380
4956 -925
2375 7064
-3278 -3513
1057 5375
6413 5691
-7660 6863
1027 1498
3210 -2301
-1252 -974
-7766 4025
3572 -7479
713 -4497
5058 -5565
-1134 2228
-5850 6180
-674 5539
-7174 2935
-5869 -3697
-817 7844
-4513 5590
-3879 6820
-2880 2874
1839 1314
6886 1891
3313 2221
-6689 -3788
-6716 -5380
-5267 7135
-3078 2726
6278 2507
-1191 -5857
425 -6607
-4718 4881
-7032 1054
250 3025
4701 2315
-1903 6270
-7016 -4754
-750 6831
2150 4884
-2583 6295
1339 80
2049 -2434
3889 -3861
-7752 -5273
7813 -2816
3164 -5612
1200 4231
5606 -2702
-4210 -7690
7271 6570
1493 -1078
-5309 -4283
-19 -1785
-6323 -4810
1118 1274
4244 7686
-1393 5435
-2383 -820
5529 5158
5786 728
2356 769
432 6062
-7966 -3779
1995 -5962
-5011 562
-1058 5513
-5534 -1799
7459 7969
-916 -6015
-1734 7201
7306 3053
-7520 -5312
380 6747
3824 1653
-1474 -5665
-4495 -5972
-2679 2684
5200 -4779
-6879 -7464
229 -7504
6495 6682
-7962 -4407
6988 -4494
2846 -700
642 6583
-3408 -1067
-89 4297
1052 -3007
-4812 -5280
751 589
-1297 4500
-980 -1691
1729 335
-7685 7305
-4748 -5522
-7235 4606
3845 7132
6543 6830
2705 2195
7189 1280
3753 2465
3158 -1486
-6040 10
-3358 -7822
888 -783
-1495 -2506
-5689 -7607
2246 -1113
-1823 3307
1793 4790
7212 3081
-302 4097
1151 3560
2202 -7501
-1431 5967
-1704 -6619
6939 2124
-7273 6797
885 1792
-6219 4830
5729 -6844
7614 -2903
1707 7400
-3022 -3711
5820 -7319
-7424 535
7860 -98
3789 7899
-4764 611
4375 371
378 2018
-5433 3274
-5299 4930
7684 -7751
5648 3874
-4324 5194
5647 -2080
7405 7057
5794 -3352
-2012 261
3016 -5185
5401 3601
4816 6451
249 -6649
-357 -7053
946 -6755
-1572 2732
-5899 -7789
3678 3937
-5162 -6169
2751 -3829
-3240 2135
-5875 3328
-387 -6427
826 -3151
5282 -757
-5612 5989
-3619 149
193 -1877
-7318 -395
2431 4714
7479 3916
6786 -1752
3384 -6089
1080 -1568
-3773 1148
3093 7349
5349 7858
4707 5740
-7250 3568
4645 -6862
-6905 5081
-7 1041
-3564 1007
1853 -2107
-6840 -6696
-311 3
-7976 4019
-1451 3327
4024 -7816
6593 -605
6183 -5239
-4736 -1057
2590 -6894
7686 7195
7359 -2923
6088 -7376
7241 -2631
4896 7827
-6239 825
4780 -5570
-1715 -4708
-3966 83
4428 1440
6742 5681
-3280 -6204
-7630 -451
-6605 -5632
-5482 1594
6418 5822
7327 -6460
5968 903
7252 4718
5839 -1120
2358 1506
-237 -5884
-7825 16
-4777 5865
2440 -1855
1291 -1194
-5156 -5898
-1953 5812
-250 2778
1120 2607
1666 2817
3820 -6699
-7898 -3769
7079 -4740
-2878 3733
-2631 -92
-3807 6689
516 -3239
-456 2961
-1168 -1308
4459 -618
-4010 -381
-3147 -4821
-487 -2546
2293 -1849
-1266 -3922
-147 -7474
824 -475
3856 -2063
7662 -1519
-2246 5748
925 3573
-5952 3395
-7659 379
-4072 -175
5888 -4479
-1374 7348
-3790 -2163
-5926 -7690
-2857 3717
5126 6236
5875 3881
1163 4316
4689 -3918
5485 -1066
-2521 -6230
-6212 -3866
378 -5302
2203 6437
2443 -2861
-4988 7289
3762 3578
1996 -876
7524 2625
4891 -5993
2390 3924
-3673 -1917
7222 2946
2303 -3314
2043 -6356
5934 2457
-2176 -2387
29 5032
-7818 97
-5026 -7102
-3524 664
-5312 -6095
7029 -7930
-558 -4211
-6706 7642
6074 544
3078 -100
4651 -6746
-3860 -3973
4403 2863
-4756 -5741
-7839 6444
4615 6236
6584 -7438
5774 -220
6502 -4835
-2930 884
4196 -7461
4558 4209
2706 -5689
-7423 3031
-3272 -2313
3994 -4033
-4123 -5922
7876 3103
7456 2002
-3077 -4199
-2635 2904
-1617 -4017
2679 18
2735 1121
-7992 -7996
3376 -7314
6901 -7495
-11 3740
1514 7092
-169 -6394
-6495 -6054
7648 3255
4002 -7960
1734 -1428
-3091 -3269
-3923 446
7961 1607
-6629 -2875
-4511 3948
-2171 -6830
5066 -1043
-3781 3552
-297 1115
-7615 1301
2741 4950
6889 -2400
-6648 5484
-6440 -3781
-2188 3790
-7096 -6786
-6450 -4871
-34 -725
3736 2623
-6937 4782
715 -3870
-670 -5052
-6267 -4018
7627 -2155
511 143
-2890 -5610
4315 -227
-3444 2375
4456 -4502
-1220 6012
-2401 7814
797 -542
-5944 4795
7635 4140
-5400 3553
-4007 7703
684 -2411
3124 4217
7629 -6963
624 -4512
-2625 -3483
-5663 -2387
3207 -5197
4675 -6880
2215 -4065
1224 6825
2260 -2199
-5576 1091
-1718 -1058
590 -967
-1536 3419
7663 -7235
791 -6846
7492 -4284
-2641 -5158
702 -306
-714 -1968
-2188 -2515
-573 -4418
-2554 4188
-1304 5971
-6184 2544
1139 -4690
5305 -7018
-1629 -730
-6161 234
5664 3187
5698 -5843
-1867 1059
6124 2129
4488 -7460
2155 6982
-1887 -401
2432 2648
-3179 4904
7298 4390
-7998 -3932
-661 7312
2674 -3378
5453 3460
-4623 -5951
-5189 -4670
-5430 -1638
6446 -6607
-1882 6486
59 -3677
-7524 1505
-2723 4523
331 -2819
7430 -4165
-7417 -5144
259 -5326
4155 2850
2650 -2587
-7668 915
6829 -3637
4653 3524
-4988 -4354
1181 771
-81 6945
7050 -4851
2036 4996
3695 2115
-5886 3714
1558 -341
308 3566
-6751 3559
-4831 -4159
3807 3979
-3495 2176
-4441 -3022
-7721 5719
3793 683
-2854 737
3098 -7546
2020 5906
-2989 4175
-1713 587
6248 5326
-737 -7262
4357 320
2206 -1534
-6190 -591
1128 -6052
-3618 3426
3224 -2350
-1580 -5594
7868 -5116
-5800 4450
-520 5309
5545 -623
7214 6099
3849 -2335
-6009 7582
2819 6841
-792 -4382
-4994 6411
-7343 683
-4469 -5770
2032 5296
7051 -2576
1438 -2833
4062 2948
3662 -1319
-4922 -5937
4599 -2472
-7944 -6420
2276 -2140
1625 5750
-6813 -1001
1781 4422
1413 7435
6657 6826
6510 -3618
1584 -1899
-903 -5533
-6728 4654
1765 5280
7863 2567
-991 -77
-527 7018
-1048 -3610
1929 -3286
4237 -3073
1933 7398
456 -6877
-2718 2815
-5980 2164
3726 1732
5479 1740
7861 5812
-4099 664
-1950 6518
-2074 -7475
-5443 -4760
-3609 -213
2595 7966
-4272 -1407
6303 -4477
1416 -4731
786 -4120
-6289 4217
2891 -7728
845 5180
1473 4601
-3141 -2816
-4398 7628
5946 -4490
7788 7078
-1072 -4724
-1102 5033
6394 6624
5929 1938
-1205 -4525
-361 -611
2110 5096
-794 5597
-3311 7345
6382 1205
-2870 7922
3521 4079
-4208 -1027
-1459 1539
-1216 4134
-983 -1392
-2106 -7732
7310 -1007
-861 35
901 31
1123 -4511
4133 -2186
-4197 -5094
894 -7609
-6593 3487
7190 4124
-4792 -5741
-6807 5489
-7280 -1647
7919 7600
-235 4744
6124 -5947
-2782 -2363
6668 -3914
7894 2994
4134 -4994
-357 651
1928 187
965 2886
-145 4713
-5411 -4514
3674 5861
-3884 -2133
-2916 977
-1543 -2979
-7477 688
889 -6614
6221 -3597
-4903 6190
3726 -4106
-6390 -541
7291 -3014
-6668 6437
-5324 -5843
-1894 -2687
-3253 3624
3911 7766
1479 3715
-1281 2142
5784 1924
1739 -3888
4931 -87
-4815 3185
-1802 4742
7028 3445
2276 6031
-4 5375
1777 866
-6818 455
-5619 -5778
7670 -4635
-3332 -5797
-7854 2985
6344 -1013
6267 -7241
4281 1574
-2225 1448
-5217 854
32 3641
4977 -408
102 5473
-4567 -856
5778 1582
6006 -6578
7122 -7839
3837 -120
-5545 6626
-37 1787
7212 -6506
-1456 5009
5141 -487
3829 -3340
221 5393
-7889 -5507
-685 278
-6406 -7667
6526 -7032
-7574 -2655
-1289 3042
-1048 -7996
7522 -5334
-1429 -1064
-2438 -7332
136 969
-1580 -3498
-5001 549
-3315 3630
-676 -5688
1697 6680
-6190 -7419
7021 1013
2091 2376
-6363 7183
-2640 3450
-6876 4841
-4036 -2714
7027 -2877
3987 -5569
-3498 -7431
4178 2767
7014 1716
-2363 -7217
7082 422
-2636 -4452
3357 -5614
-5001 -2949
-6095 224
-1153 -6094
7907 -4296
-931 -4814
4255 1903
3542 1003
-6287 -7447
-4526 -488
3617 -6296
-2156 285
-2481 4323
-3983 2103
6811 -5216
-5874 7065
-767 5233
6522 1741
-7078 -5120
-5261 -173
-1736 7112
-3544 -7257
-7424 567
-6756 -6162
657 6337
7851 6037
6496 -7851
1572 7129
7279 3225
-5177 -4369
-1652 -6284
-4480 2994
1082 6586
1510 1238
-731 2074
-1473 6046
-5683 2771
5995 1196
3292 -7000
-5391 4314
-1336 5988
3859 4695
-4591 6357
770 4940
-559 2417
7579 2202
-4363 3264
2050 7472
-4378 -4582
2072 1778
-3859 -3595
6403 -782
-2899 -3626
-1562 7577
-2201 -3097
-4711 -2744
5749 -2737
669 3463
7437 -4762
6009 -541
819 7908
-7895 -1405
557 -3546
-3377 7077
667 7530
4550 -3698
1214 -2675
6769 2737
5897 -3673
6330 -4102
6841 -4451
455 7175
4920 379
-94 5531
2123 -4523
-1650 2725
5111 2173
-3948 -380
-5538 -6528
-4544 3330
-2705 6281
-130 3855
3592 -7330
2338 -5127
380 -7614
-4635 2363
222 7021
2339 -3696
2463 5863
389 2494
-2207 -2907
4052 -1922
3969 4499
-3926 -1443
-7294 7498
-2437 91
-5104 -7177
593 7094
3674 -5776
-2958 -4882
-225 5597
3896 -439
-7573 -6092
4738 -312
939 3304
-5697 2488
7694 -108
-129 7861
-2913 646
-2256 3866
-4914 -7967
-4514 7490
6028 2520
331 -7171
372 -4439
-1916 -5131
-7128 5230
-742 807
7256 -1998
3167 -290
6477 -1157
-4751 -4310
3177 6517
-2004 1343
-430 -2663
6995 1114
-6616 2560
-4790 -2734
-7287 -6985
782 -4113
-7746 278
6342 -7425
5683 1072
-1405 1344
2499 6679
4548 -720
-5368 5770
-3736 -2199
1596 5027
6468 1961
-3043 6633
6639 2190
-6364 1425
4957 1657
7549 3706
-6203 -5111
-5331 6095
7457 6503
4631 -2369
-2273 4388
-5341 -709
-2154 -829
6735 -1403
7326 -5152
-6187 -5287
-6259 -5809
-4420 59
-1179 1359
6722 -284
4266 -4648
5382 -4841
-1727 -865
-5747 5621
-5948 5461
4136 -7502
-2364 6930
7754 -2283
2858 -4821
-6743 -6658
2610 -7142
6678 6858
346 -7383
7972 -2531
3781 6292
1577 -5251
1147 3091
-6834 4830
-7161 -3197
-4858 7712
-659 -182
-564 870
-5987 -7034
4664 -7974
-5384 3036
-4746 -843
-5295 2156
-3957 1581
2210 -5262
-3413 801
-4713 4014
-515 1177
6162 -4295
-3984 5081
1928 -2323
5469 2708
-348 623
-1781 6623
-6896 6056
-2908 -2799
-3936 -1272
7721 -195
-6039 -7933
-7791 5683
-4421 3576
-822 4834
-1266 -1524
-344 6616
5902 -3289
5983 -6112
1022 -1597
-3160 5907
-3309 3288
6448 2485
7030 5660
-1663 -2221
399 5885
3280 -6904
2559 -1242
-5497 -4743
-3277 6317
7770 -1108
-6180 3732
1195 320
3433 7642
2958 5831
-5050 252
-2858 -2896
-4079 478
-1436 -2432
-5800 1497
3664 4946
5946 -6121
6968 -1361
3837 -6265
4471 1719
-6110 -1152
-7503 5509
986 -2582
-1024 1349
-115 7293
-4753 -4283
456 -4186
-1358 -3308
4609 4341
4303 1153
4550 6556
3224 374
-644 -3573
2302 6849
-4777 -6041
-2651 -5432
-4226 -2166
-2129 1374
-65 6561
-3211 1624
-2640 4570
5776 2145
-5435 -553
-2716 -2527
631 -5047
5617 -6213
4071 7202
36 5793
5380 -7373
3287 1690
3708 6406
7966 -3620
7668 -3166
3224 4672
4466 -4304
-4933 -3883
-3795 6359
5941 1728
-4231 -5521
2704 3320
-7284 3378
-2164 4978
-2773 7866
6679 -7083
7893 510
-877 -7452
-6670 -144
-1071 -5714
-1262 1557
-6237 1923
-6858 515
-6314 367
2850 -3072
-5520 -6287
5408 5049
-5826 -1415
6954 6369
6759 4763
-2222 -3975
3024 -282
1499 7230
6195 -6181
3425 6734
-2819 3455
-7317 1714
5759 -2136
7684 -7981
654 -6450
2256 4224
-1280 2160
-2603 -979
-3479 4648
-451 6531
-1396 3923
5606 4721
-3610 -837
-7747 1474
-7553 3491
2562 -2465
7208 -5620
-4562 -4100
-1006 -219
351 4094
-7911 -1758
7478 -172
-3647 -1362
-5417 -959
642 -6595
2671 -1276
4433 77
-6327 6513
-355 -6974
-2783 -89
-489 -1503
453 -5876
-7090 870
5534 115
4482 5628
1589 3633
-4256 -7280
-3096 5336
-3826 -1913
3113 -2803
4178 -4425
675 7591
6504 730
-3006 1344
1217 -3366
-4754 -6834
-538 5174
-6109 7091
-1760 7706
3918 -3804
900 -1199
6306 5062
-3302 -5384
-7507 -6145
-3100 2594
6870 5745
-365 5525
2871 -3331
6061 1121
4529 -616
-385 2817
-2906 -5206
1564 4055
790 47
-797 371
7671 5923
-5611 -4298
-2824 1258
5056 -7268
-1919 6479
-6734 -7177
-3671 -5781
-3997 6012
6095 -23
-985 -5638
-2470 5699
-2089 -3194
4813 1644
5230 3121
-285 7010
-2228 82
4349 7351
1549 6843
6029 2195
2964 7472
-3874 436
3043 -7760
-6869 554
-962 -7921
6584 -269
2683 -2096
596 -6323
3480 -3079
7861 -2765
305 -5638
-510 1702
4681 -4880
-3932 165
6151 -5420
-7212 -4149
-1689 5241
687 6394
-898 -725
1699 -6768
7673 -4158
1848 -2137
-4819 -4823
6565 4442
2783 -930
-531 -7268
-6145 1647
-7245 210
7904 -5774
-54 206
-1978 -1007
1827 -2164
-5757 1523
-4886 1532
7830 2242
-6538 -2257
5281 -4466
-3288 -5006
-1717 1412
-1196 7157
-3356 -107
6680 -1009
-7035 -6238
-1379 -2900
3684 6387
-7852 -2615
3044 -3160
-3402 -5718
-7457 -7314
6217 -4728
-460 6589
5353 -1967
-4270 -4373
6751 -7970
5478 -741
-101 -4310
-7412 -5785
-834 -3085
-4685 -4499
5085 5702
-1179 1451
7731 -6084
-926 -3834
-5613 -6086
-7998 4507
6713 5552
1066 -5764
-6236 1609
3293 -3752
-4832 -7871
-5498 -7383
-6590 2722
-956 -1859
6445 6094
3156 4368
-235 -1637
6604 7761
-1408 4768
-1303 -5916
1652 7261
3642 -5482
-6828 7479
7329 -7077
467 743
1677 -2051
-2588 4112
2278 7489
-5825 5308
-7790 -7516
5826 5029
-3680 192
-6467 -1387
-4251 3628
-1668 5517
5053 -3175
-770 -3599
1961 7017
-2778 -1790
6884 790
-6883 -198
1603 -4422
-6036 -6029
5105 -5260
-5072 4387
4 6671
-5524 6000
-199 -7085
-5749 -4309
-7077 -4688
5988 -1714
1573 -393
6069 -6674
953 -7976
-6057 -382
-4341 3275
-4143 -5992
3039 6625
-5097 -6496
5924 -7283
-990 7607
-954 -2320
-5439 -7726
5147 -762
1697 -5634
5221 2306
-6773 2640
1060 7336
3717 3662
4474 2603
460 2105
4820 900
3974 -3471
1188 -6273
-2286 3698
5894 -3476
7786 -1755
6312 2732
3584 -1282
-5136 4700
4136 -754
2362 -5136
5276 3194
-2712 5962
5973 2877
-6672 -3896
-5627 -7509
-2611 5101
563 -187
643 -779
6572 -7098
-1161 -3781
5011 -6691
-1704 7386
727 6118
3235 -4722
-4412 4689
824 -6897
-7417 2254
1424 -5751
6589 3248
-5975 2276
2018 -5179
-821 -6670
2210 2440
-4000 -3523
-5792 -5081
3274 4456
-6045 -2336
-1256 -1086
2092 3676
-5730 -1163
4008 -5258
5 1295
2895 5185
1043 -5394
-1184 -4528
-2597 1399
-1046 5823
-6152 6786
-5630 -1280
-1384 3434
5555 7794
-4177 4657
3473 -500
-1702 -1712
3931 -2950
3083 -907
1644 -6799
-1902 -1775
-2223 3263
-4936 -2363
-7370 -2849
1919 4143
1508 -5761
3695 -7484
7529 -2728
6745 -3238
3117 2916
-6469 -3786
-3552 1417
6290 -7027
4617 -4836
-440 255
2178 4249
3904 -1026
7593 -556
1539 -6868
-2890 1631
-5095 4098
-5185 6963
3197 5668
2834 -1751
7914 -2305
7493 -6231
5987 -1946
-4171 -5083
1620 76
-6872 -2657
4244 -1109
324 -4133
-4196 -5497
-3290 7786
5020 -7184
-2112 562
1211 2037
-1903 2148
1307 -3211
-1102 7179
-2221 -2142
-1275 876
2729 4701
5458 5645
-3639 7522
-1527 2566
3674 4964
7326 -915
-1928 -578
-3198 -415
-6105 7739
431 4124
-5744 36
-1950 4651
5493 -6960
6441 -1207
-2726 -4066
-2738 7667
-470 -5006
2362 1468
2157 4297
7238 -2291
-693 672
-3444 4199
-4100 -4435
-1346 6793
-5630 -5237
6122 4569
-2761 5099
7444 6674
312 -4084
6802 -4384
7385 -5078
-140 3466
1592 -1446
6695 -5457
-5756 -2214
-1561 -7140
-6245 6085
2111 -959
-3390 1351
4459 5095
6697 -3965
-4334 -176
-7379 -7013
5228 -4577
-1773 -4209
7350 -1516
-3746 6262
-1139 -7669
-6640 -7082
-3156 -3096
-90 -6984
4041 7187
5085 318
5361 -7273
-4641 330
5618 3833
-4571 1310
-289 -2321
-7897 5874
-1627 -4838
7304 -3789
-6543 676
-1296 -1158
7411 -3861
-5447 -6671
-6649 505
-3218 -47
-7523 6932
6754 -7804
-2541 3939
-2062 -4289
-3684 5882
2624 -4837
-3838 880
-6396 -6644
-5149 -2823
7838 7402
5923 4745
373 -3932
5025 1225
7799 -4952
-967 5413
2351 -7076
-3874 7561
-586 3104
-7548 807
4546 6051
-4524 -1162
-911 422
-674 3829
122 3122
7267 -3002
1613 4591
6301 33
-3420 -1584
1770 2001
2086 2043
-6008 1390
-3965 2958
7356 2385
7597 -7204
-2445 -1393
-7329 4899
-2306 -6359
7447 -3700
-3679 -7031
4018 -1378
5603 4616
-7849 6211
-6393 -25
5523 -6790
-5604 1501
1335 2819
4101 -2633
-1034 -59
375 -6979
-4880 -7278
340 -1176
1429 4166
-941 3401
2925 -198
293 -7162
822 -3193
-7497 -4573
-2481 274
-3835 -1655
-2306 -4333
1300 -6783
-4989 1573
-6727 6027
5661 4857
-1001 7535
6263 -6605
5739 554
4847 837
3855 109
1391 5959
-5698 7765
-4776 -4884
7117 -987
-5813 1119
-8 4925
5751 -6827
6844 4722
301 3670
-621 5508
-3429 2377
782 -6429
-6656 -2209
-6471 6070
-25 2967
2224 -5395
5630 -2327
2790 -695
-6168 -5740
-5858 3342
-2528 3718
7737 7557
2056 -4545
-5143 7157
3818 -6550
1015 -6681
-6736 -2546
4498 7700
-7718 5704
-7414 -3163
144 -3640
-1937 2920
-6464 1244
1562 2261
7043 260
-6677 -5772
-4143 7858
-6596 -1814
-3437 5033
-4979 6667
-120 -5335
-275 -7727
6641 7771
2769 -205
-4686 -6551
-7152 1703
-4980 -7194
7421 -365
4281 -98
4572 1098
-2753 5646
-4400 -5332
-6266 -692
3164 5391
672 6960
5476 -4643
-2788 -2784
3454 1690
1506 3678
1490 -5680
-852 3225
-4489 -746
2741 -2884
3172 -5713
2936 4610
-7323 -6484
5440 1166
-3321 -7223
1697 6502
-7298 4449
5624 -2395
-375 4131
7381 3875
2565 665
6611 -3431
-6099 -2872
-193 1796
6753 -3284
-1439 17
6210 577
2848 4924
-1587 5734
-2333 -4157
6640 -1767
-7596 -1810
6663 6366
2019 -5296
641 6689
-282 1090
-7379 -1364
-5937 1436
2643 -664
-5358 -6447
-619 -482
-3981 557
4276 1498
-3773 -3181
3935 6311
7569 6644
-3293 -5386
6300 4144
-2128 -3854
5379 5015
-6555 3165
1981 -6369
5843 5410
1164 3848
7238 7820
-6038 3937
-5158 -3521
-15 4456
2620 2580
4110 -7167
7352 -6524
-7891 1475
883 -7888
-4572 441
2165 820
-2832 4906
-1209 2790
1610 5091
7858 4245
3669 -2194
-7613 5873
6179 -5031
-6850 368
-5793 -3328
7988 -7139
-7740 -3276
4609 -7141
-3384 2222
-6389 4196
-4631 -6240
6514 7938
2689 -807
-1143 3492
6993 5066
-1068 -4872
-5649 1312
3527 5332
-7614 3017
-5586 4464
-6090 4412
21 2031
-3880 -5162
-4709 -5543
4042 -5216
-4440 -7447
-931 693
-1951 6592
2728 7398
6152 6042
7994 -1062
7747 481
1826 5704
-2939 -5220
2650 1685
-1911 5196
6041 3324
-2877 -3357
4906 1223
6914 -4534
-6980 6311
-6793 1341
7339 -7395
3125 2499
5414 -1721
-4194 2043
-4125 -4114
3123 3497
6942 -1202
2823 4707
7791 -6426
-7891 -2906
7127 -1628
-772 -7048
-6208 664
-5291 -1772
-2383 -4084
1636 -4746
601 -5601
4150 -1890
-962 -2564
7822 -7394
3477 -429
-4562 -5130
-5526 -6544
-3743 -3655
3559 -1336
1378 4542
2524 2106
4235 -4344
-835 -6015
-723 -414
-4885 5858
7971 -4970
-4237 2048
7999 -7286
1961 -359
6462 -4591
-4850 -4265
2223 -7609
1202 -513
5536 -2755
6534 3436
6531 -5260
-6580 -5010
5968 -5340
-2952 -4083
5692 -5388
307 715
-3894 -6340
-1104 3117
6028 -3814
-7476 4227
7797 -4770
1679 -7634
-7104 -5782
5048 5148
-1738 -495
1852 -1859
1896 -3933
-5179 -6355
1572 -1657
-3786 -6228
6291 5468
-5310 -6855
3221 -530
-4808 4601
2133 -3515
-2140 959
-7084 7573
-438 3781
-1454 -4828
-1351 879
-3984 -2634
-7301 4505
2372 7768
-4868 329
7933 -4965
-722 3547
-4622 -3
-2268 248
4143 -783
5530 -7769
5535 -1011
-6953 3643
-341 3839
-7564 -3519
-509 2788
-571 -1483
3060 5409
2644 31
7590 2456
-4334 -5865
-3519 7502
7691 -3301
4219 -1142
2160 909
-2872 -7864
-2691 2076
-4669 4150
4646 5517
5997 -5260
-1139 27
4457 7204
-3639 147
-5691 96
-363 6988
-6191 -5940
3029 7157
-4274 -6113
-3088 1577
-556 -6248
1408 -1033
4990 5433
2740 4349
-7260 -7187
-2267 1035
4212 7710
-7894 -556
-5931 2614
2005 6953
2195 3150
-4614 -2714
5385 3461
83 4795
3088 -2381
340 -4302
3732 6692
720 3213
5862 5228
-4398 -430
5671 5948
-3719 -5293
-3160 -927
3169 -6847
-4408 4805
1381 3471
3458 -879
-1834 624
6535 6236
-370 5868
-7368 -6123
-5134 -2981
-6300 2959
7245 3201
423 -1772
7207 -5122
745 3290
-6003 6504
2184 -4148
-2124 -406
-7877 7006
-698 2927
-2535 -2629
7015 6311
4826 -7699
-5780 -2466
4370 2468
3883 -2460
-3497 180
5999 307
2851 3541
6931 5867
-3412 6923
-1550 4521
2290 -656
2725 6057
-6001 -4062
3540 -7126
964 412
4053 -5232
6778 5141
-4430 7389
6847 7660
-4408 -3195
-5809 435
4638 -4123
6803 -3047
7200 -6884
2454 -3328
-1080 -7262
-95 -5690
-3349 -6948
-3064 7953
6564 7234
-5418 -2988
7897 -5017
-6270 7412
4977 -2234
1893 7473
-7796 1454
70 -6093
1185 3664
-3938 6363
221 6958
690 5663
5004 4442
-4363 -927
120 1056
4875 2049
-966 3935
5832 -3462
1954 -1986
-6576 705
6368 -1511
-2440 -4388
-316 4010
4000 7182
-2278 -2768
-3969 -4912
2995 -3511
-3415 2086
-161 -667
6775 -5802
2520 -1048
691 -2401
5083 4855
-6333 363
1590 7793
-5755 -5091
7994 1474
6133 5554
70 -5540
-5496 2845
-6363 -2370
-5999 5212
586 -6185
1746 7611
1258 -7028
-7846 6630
6684 -521
-1764 1620
-2073 -4422
5361 -6921
590 4317
-4084 -328
4004 6399
-6975 3083
-6708 823
-6198 2045
-106 -1893
4258 -7264
-6035 -6613
-2203 -1200
6940 -7577
-4487 2523
-2147 4536
-6703 1075
-4855 -3650
5366 608
1117 -2898
-7536 1252
-7714 -2273
3850 -1688
-1272 -3631
219 -6680
-463 5850
-6233 2140
1091 1309
4907 -701
1675 -4227
-510 -5526
6626 -74
-6279 -7010
-6628 -6166
3275 -2918
-6757 -6218
-2896 3174
-483 5492
5068 6479
-6343 -3620
-7945 7029
-7701 1164
1328 -4441
6930 2715
-3915 -6602
-5254 3674
-610 7621
5022 -7081
3354 -2928
6326 -6517
4388 -7399
-2706 7255
3756 2338
-7366 -6655
4467 3183
-5228 1362
-1177 5830
-3315 -97
-1602 7020
-3947 -4594
3249 -1236
5050 7951
-1984 -7419
7652 -2655
7954 3078
-2699 -6647
-5547 -3660
-7009 -1664
-7742 644
-7686 7838
-6366 -3353
48 -6014
-5055 -6385
-228 -4413
1212 3363
-401 2081
-5620 -2851
-7920 -5000
-2345 5041
-4732 -2433
4788 5102
2926 -6078
5737 -4584
4153 3099
5024 -1117
-3286 -5761
-4284 6218
4689 -5864
-4725 3830
2887 3013
-227 5374
-462 2113
7086 2033
3696 2466
-7915 -2917
-5775 6705
-7909 -892
2896 4583
3537 -3158
-5310 -7540
-1177 715
3895 2991
6179 5053
-3125 2328
762 1284
-2757 3613
2242 -3279
-515 -7229
-6848 5861
-3091 -1002
4927 1225
-5911 3454
5042 -2210
3604 -2791
5130 2497
-1533 7702
-5963 -5460
202 6822
5382 -4114
5931 5854
2505 3987
-7922 -2813
-7306 1601
6668 -7041
-1243 -4611
-5570 -6835
2086 102
-2136 243
2276 -4893
-951 2957
-4618 -6106
7518 6034
918 1004
-274 -1362
7430 2752
6456 1116
1919 -917
1486 -7575
5203 4188
7061 6202
-5658 5370
-3596 -7739
-7709 -6979
7402 2027
-6480 1743
537 -2320
3394 7860
-7215 3631
-5630 -1624
5847 -2138
-4631 4947
496 -6811
1927 -8
2125 2879
5847 -1494
-1083 6217
-3462 1765
-6811 -5728
860 6020
-4406 -5404
-2989 3848
-6378 -4957
3455 -2969
-5663 -1181
3606 -413
5180 3534
-4131 -7142
3349 -1279
-1543 -4730
-7874 6865
-6669 4778
-942 2227
-4233 4941
4539 -6013
-4834 -1130
-7862 -3500
-1917 5551
-4403 6268
-4459 1050
5797 -1616
-2337 1546
-1553 -2186
4991 6832
-5680 3996
-2151 6267
475 6930
-3454 5563
3680 -3396
7325 5727
-771 -517
7342 -7139
3606 6132
-2189 -6748
-1340 -6030
-4783 6178
1673 2378
-3202 -4113
1793 -1087
2357 7101
4063 5348
-72 -1029
3814 -6835
-5890 4257
7149 6551
-6760 4824
7733 7583
2793 5796
-4203 58
-2442 -7180
7840 -5050
5674 2368
-3830 6257
3590 2804
4461 -6177
-188 -1056
-2256 6685
706 -2519
-4540 -2936
2548 5036
3082 4826
-2555 -1875
-2729 -6030
3084 -725
-3540 -6864
7551 -4523
-1140 -3275
4833 -480
1388 -2485
-3300 4923
3620 601
5534 3124
5616 3963
-6014 -633
-3718 7162
-1375 2140
3951 -2961
3234 -7922
7801 -7879
-442 7399
-6225 144
4914 -1266
-7004 -2425
-5737 4327
949 -233
-4739 -4984
6390 5417
-767 2478
-1610 5690
3293 963
-345 -6467
2886 -2676
-3789 -1758
7694 1791
-3284 -835
-1077 1715
4931 -1443
-5291 1500
-2338 -5635
7781 -6846
6893 6630
987 1989
3836 1403
-7417 -6337
-3313 -1234
-2504 -4400
6522 3177
-7906 -757
24 -1004
-715 7172
-3879 140
-1036 -15
-4845 3806
-2758 -6692
-291 -3412
3368 -7111
2804 5296
6994 2849
-3527 4113
6195 3621
5245 5419
4655 -5721
2749 5610
3430 6559
-1185 -2974
3005 -3042
-1048 1145
-209 7227
4881 -224
7832 2126
-2533 6925
-3033 -7654
-1212 -4714
6601 -7291
-7207 269
547 5360
-4581 -6718
-4366 2621
6928 1858
-6684 -7044
3793 -7965
476 -3598
-7455 -6295
-7535 -7172
-903 6264
3152 426
-351 7087
-6249 7155
-584 5668
-454 1299
2659 2
-6776 6507
-6028 1566
6169 -2389
-4133 2604
2991 -7943
-4634 7680
705 -7871
5568 7613
2666 2658
456 -7490
-2270 -6235
-6249 7860
3890 5124
-4473 6592
-677 -7085
-6910 -7836
3581 -4518
5185 1275
3778 -2312
3760 -4596
6072 3638
-6390 -3648
-4126 3255
7299 -5248
5065 -997
3540 4625
2136 -5577
-1248 -6431
-5148 -4107
72 -45
4834 5219
3078 4100
-1985 -1270
1347 -4138
4643 -6249
-1334 6379
-4350 5741
1957 -3116
-3598 -7951
-1720 -7802
3858 -4795
-541 -1758
-4469 7664
-561 -7634
890 -3551
-3166 2901
215 -6823
2650 -7642
1686 -194
6179 2162
6457 -7099
1497 1095
-6815 -616
-899 -2158
7511 -5719
5734 -2937
-797 -4092
2578 -1897
1897 2537
-4926 7226
4771 2597
2784 -617
6721 -1736
-4117 3001
-6064 -3945
1564 4090
-2875 7742
4953 852
-1888 -3019
-4695 6843
-4997 3537
-4251 745
-1263 -6427
-2874 -6513
3228 -7384
4352 729
-3407 -2381
-5517 2407
7152 -4298
2592 -6287
-4230 -6445
-3798 -637
-6757 -4418
2737 -3052
-2661 7796
-3545 -3281
-4961 -3035
6915 -741
-2294 5517
-5684 -6570
3437 4226
-5891 4909
-5293 2479
-5843 3643
-344 7423
6968 -7130
-1899 -1627
-548 4588
-1254 -953
-4025 1251
-5739 -3934
-2325 5485
-6374 5129
-884 326
6298 -4766
-1982 -3722
3471 -988
-7212 -6
-5969 -6658
957 5687
-5608 6843
-576 -5999
5525 6687
-2806 6289
-1947 -3362
-779 5342
4186 5542
4454 2965
7765 1606
-3024 3645
546 -1378
-4298 -5223
6351 -5496
-7548 3177
2605 7285
7924 -7038
5430 4075
-6060 -596
4939 731
-5917 778
3499 7384
-7453 6468
6079 -2518
2661 1586
897 4329
2799 -2756
147 -4385
-242 -4002
1070 1577
-6346 -4233
-3406 838
-3246 44
-2660 610
6144 -1365
-2601 3740
5674 -6482
-7892 -4378
-7209 -6253
5632 -4260
-4817 -5032
-3928 562
5407 7958
5204 6618
-3143 3047
-7373 -3997
-5437 -2336
-1273 -4198
-3088 7744
6752 -5100
-5881 4544
-4288 -3762
7770 -5745
429 1131
-3391 718
-2403 -2893
5145 2330
-7500 6038
-7823 7973
-6774 6741
-5079 -7095
-1070 -1931
6334 -352
-3170 -2960
-6200 5988
-2846 5874
-6636 7109
-518 -1470
-4283 464
2620 3600
4589 4336
-3575 -5812
-1762 -4697
-7677 -7312
2027 5703
-209 -7498
-5034 5013
5508 -1145
-294 -308
5480 7099
7310 -585
5773 -541
5936 5458
7624 -5942
-694 7663
6187 -7219
943 -1846
3071 -7893
-4014 7534
1875 -3821
-4372 7259
-133 -2082
7403 -2096
-5664 -6329
6862 4457
840 4169
1915 3986
5038 2752
-2675 3306
6221 -7050
7215 -4541
5453 4524
1654 3602
1248 1049
-7174 -2589
-3846 -5179
-5757 -2511
1930 5628
-1593 -5170
303 -2892
5263 -3915
3069 5552
-6598 -4407
2378 -663
1266 -7712
4733 622
2968 837
6111 -7827
-3024 1309
2152 1192
812 2545
3453 4185
2111 -512
-461 -6529
-5410 6533
-7619 4361
3814 -7588
7647 1351
5321 -6472
7079 3320
6663 5136
-3670 -7341
402 518
2185 7492
1990 1441
5098 -6472
-3359 6307
-7820 -6264
-3057 7223
-4783 7349
-5426 3091
-7301 -3908
3119 5066
-1527 -6532
-5108 4182
-806 6658
-5560 -3898
-3402 -3278
-5560 2160
7102 -7861
4482 318
-2614 2282
6889 -3011
591 7236
-31 -4167
7115 -234
-6526 -3836
6024 6736
6642 800
5550 -5027
1151 -2667
4754 -3900
-4147 3631
-4388 -2054
7453 3229
377 -6671
7007 -6013
-7815 -5297
-214 4068
-7800 -59
-6676 5973
-4869 -3267
3553 -2316
5300 -6393
3753 6293
7099 6148
2798 2188
6284 2804
-6524 -3524
5035 -6554
6060 902
1810 -1243
5353 -5039
-2191 -691
-4535 -2723
-1209 6322
-1494 6209
2137 4000
-1198 2415
4657 7150
-6151 -6817
-507 -3534
2353 3154
78 -2937
-2428 -6014
1644 4214
2895 5462
745 -5179
7209 -520
5304 -420
-5149 4857
2515 -3692
-7073 -2115
7072 -2939
1097 4905
-2328 -281
6037 -3191
-759 -2825
-6545 7152
137 -7123
4553 -1796
1502 4488
-3794 7306
-5717 2890
437 4085
7365 -4908
-7171 -7865
-2855 -3290
3977 -4598
-4602 -1812
-1727 -2089
-5852 3011
-2115 5421
6372 -5060
-5405 1386
3519 6928
-7854 -2790
4473 -6330
3948 -7629
5334 4361
-1707 71
7313 85
1030 -7217
-1696 -4687
-2306 7739
-812 -1600
-4577 5135
6797 -7326
1528 -7202
-3882 2990
-5413 -5574
-7423 5835
-2398 440
6802 -1912
5041 -234
1401 2463
-2364 -6879
7509 -3500
1940 -1246
2037 2658
-7723 751
7206 7647
-597 2180
2738 -3179
-4434 -7796
-7814 4263
109 -4742
-560 4204
-1860 5521
-1292 -142
-4370 -534
5559 -5059
-1371 6761
4612 2237
-1331 -4380
6642 3028
-2253 4104
5035 7040
-5032 5320
-2136 5966
-3869 -6848
1687 1571
-4126 340
1617 -407
-2301 -3787
3018 -1392
-4293 -1558
-5964 130
2950 -5530
-5591 -3542
1857 4144
-4702 -5751
5413 -1614
-3974 -2604
-1522 -1869
-261 4702
-2333 5582
-2537 -3465
4005 -6498
-6328 3250
-7628 5003
7068 6806
638 -7705
543 1361
1683 359
-3921 4518
7322 6919
7718 -2141
5079 7957
7832 -6810
3768 488
-1892 -1326
-5265 7076
-6521 7774
2001 1772
632 5971
2765 -497
4356 -3954
3816 1339
6542 5764
5231 1194
-418 -4078
7586 876
-6627 3850
121 754
1765 1428
5695 -5899
-1198 -1427
5806 -4747
3079 -6074
-2355 4282
2429 -2013
80 -358
653 -2936
-2083 -4406
4721 903
-4634 -1728
648 6962
-604 -5790
1138 3528
-3190 -2879
752 -1212
3336 7827
5536 -1665
-1956 -4624
2358 -7246
-1360 -4783
-1150 -3474
-1520 -7907
-1814 -1403
6471 -4015
6169 -5088
808 6971
1013 3933
4760 6864
2032 -1926
-173 -5106
6405 -1208
7720 5551
-4268 976
2868 2728
-6484 -7620
-4068 -3261
7012 -3252
5587 -2313
4535 -1294
293 2623
-4048 1158
7465 4768
4821 -4661
7022 -3393
-1492 -4449
2949 4805
7617 -7276
6182 5996
1626 7037
7391 6984
-6019 2123
2532 -1318
-1113 -1302
1314 -3338
2741 -3263
460 344
-186 3619
-5374 -3650
-216 6616
7175 24
-2125 5276
1170 -4237
-5979 4078
-5988 3726
-554 -4570
-344 3453
2415 1825
-5653 1045
5851 1402
-2399 2553
-6604 1058
-3461 4590
-1635 -1895
-6806 -1613
7864 5376
-1713 3957
4370 -7885
-6672 6824
-2119 -6539
6016 -1096
2062 4339
-5421 -1294
-7604 1703
-1180 -2857
7306 6420
7603 3506
-6525 -2212
-1530 5949
-3132 1109
-270 -1638
2073 -6286
-634 -973
3402 -1293
-6493 -6181
7487 1904
-7576 -7402
3650 -1310
-827 4243
-3022 7034
5281 -4142
7260 -3385
4344 5649
-6477 3401
3791 366
6265 -21
3058 -2682
-4317 -2954
1286 3975
1499 -788
-5035 5601
-1103 -1142
284 -2095
-2673 -5416
3678 6471
938 5105
1534 2761
1689 3840
-238 7866
4008 4872
2293 -3725
1948 3998
-7571 -1681
-3006 -4654
-2559 6411
1879 1792
-3396 -3516
-6248 -3979
-6098 820
7021 2303
4314 -5029
-5497 2681
-7025 -793
-5936 -4149
-438 7895
-7091 -4328
-3547 -2783
119 2445
-6505 -3672
6189 -2610
3059 -6756
995 -5056
-3858 2177
785 -5195
5759 -5768
5920 7646
-7300 -716
2051 2625
983 -5520
-1246 980
3515 -3622
1310 4623
-6690 1189
3592 -1628
-6527 7059
3954 -2754
4549 1130
5357 4444
502 6832
6824 -2381
6727 -1806
1042 -3167
4901 -1013
-1520 5076
-3892 -6791
6507 2099
4030 6457
4653 7042
7810 5342
-4952 7351
186 -5836
2852 5140
-7215 -6347
-1970 4241
1061 -5159
2273 -5057
490 5536
1750 4390
-1990 -2545
836 -2119
5322 -1717
5622 6283
3287 6996
-1814 -6103
-6109 -5385
-7618 3665
-3895 -3311
-3801 7226
-3554 4310
-3569 6185
-7917 -1258
-219 1383
-1082 -6475
2929 -1671
-3198 -1838
7479 4290
-3775 2944
7674 -2812
3527 4664
-4939 -3995
4734 -4259
2845 2438
4457 2926
3020 -5571
-638 565
-301 6791
-3687 -3582
-1465 1151
-5253 5295
-1278 -5289
7058 -7491
2772 3790
3165 -5898
-4603 3160
913 -7906
4257 -3704
-7709 -6256
1414 1489
4588 5383
-404 -5507
-3768 -739
-5914 5803
6974 -5263
4477 182
6276 -5155
4999 3700
7599 5754
-4842 -7245
7397 4804
-4575 3563
1545 2007
-6368 -1407
-6246 -1949
7965 96
-7962 5476
5894 7482
-770 -1327
-3829 -6880
5542 3841
-3581 -6799
-5495 -4082
7500 1730
-4684 -3078
5563 3349
5733 -7100
4604 5109
7425 -917
6679 4122
7773 -318
4546 -7089
7629 -6784
1987 3940
-5866 -4134
1937 -7585
-5222 4011
-4317 -6956
6409 -2599
-6062 4818
-6559 -3776
692 -5114
7460 -694
537 -1984
-2119 369
-6145 -6810
-5241 -6725
-996 -5420
646 5851
2335 1615
6450 -1911
-3452 6369
-7664 -6957
-3297 -4032
-1246 -6370
4167 6176
-3069 6732
5839 -4568
6478 3336
3126 7934
7767 4677
-2409 -3126
4041 5465
322 1052
-5396 3891
-7685 -3519
-1163 -5079
-1743 -4377
-5758 1921
352 576
3512 2577
7151 -6624
4861 -5379
-6657 -6277
-1148 5824
1708 -573
-2496 -1243
2243 -5394
3535 7757
-1447 -2746
-3647 4283
6101 -7421
3986 -7506
-3352 1555
-1589 3477
-5940 1199
-2981 -5920
2122 5532
-1786 -7978
7382 -4580
-5019 -3648
2549 4434
-6034 -1309
-3551 -1685
-5637 6534
639 6611
4046 -7461
-2703 606
-6724 -6906
3526 717
3691 -413
-6347 5145
6058 -4778
-2553 -3362
4515 -1880
5426 1980
6937 6268
-910 7275
-6459 -1659
1528 2119
-4435 -1544
-1949 4850
-4418 4443
3266 -7631
-2046 6469
4985 6897
4317 2654
-6069 3142
-3009 -3866
9 -6099
7826 2018
-793 -4100
2464 880
-3229 6349
3612 -7754
-3943 -5325
-5571 7933
-7232 -7176
-5310 4029
-7757 5121
-544 -719
793 -6088
-2093 -2884
-7175 -4124
5700 -4069
-2720 -1929
-5798 -3159
-573 7093
1644 -1810
-7611 -4717
1510 4466
-4325 5010
-5955 -5138
2637 6704
2791 -5758
-2318 5523
-6955 3920
-161 2816
-3251 -6402
-2070 -5708
1114 -1812
2069 -3117
-1891 -4962
5050 -3598
-1809 -7634
-424 -4990
-5854 -5261
4371 344
-380 1997
-6405 2081
4047 -2928
-4536 -6122
-6618 -2224
7671 -6092
6127 -6978
2867 5047
2757 -2670
-395 -5582
-4930 3972
2374 3692
4250 -5012
-2220 4005
3930 4151
-3118 4546
-1479 6761
-2935 -2682
2505 6534
-312 -4173
-274 -4446
4929 -1114
3342 -1366
-5249 1007
4509 -5726
1113 2581
2776 -965
6234 -4894
253 4736
2656 3562
3491 -5564
4670 -564
2681 6388
333 1313
-5727 -2941
4567 -7236
-16 2882
-5708 -429
2509 -7304
2132 -6008
5484 2153
3976 4024
3632 -5573
-7925 5814
-3315 411
3413 -7105
2509 7337
-3410 4844
-2948 -5582
-4052 -6294
7337 5556
-5092 5362
7034 6168
-2104 1793
-6965 -3378
3434 6040
1067 -7083
6896 -2766
-776 -4715
7036 -328
7873 6136
3659 1161
970 4392
2388 -6677
4919 -2613
-4975 2277
-7829 3057
5395 3424
3035 1018
2830 4750
2892 6616
5302 -2491
6104 7604
539 5683
5301 7263
4186 7041
-5650 3658
-6260 782
3886 -5849
675 -1786
-7411 -7108
7635 3888
2402 -719
-6220 1063
3838 1619
-902 1255
-1553 -5961
-6508 5584
7927 -6289
6358 -2011
-3046 7941
-4453 -5389
-2746 -6368
-7498 -4035
-1655 4382
7644 -5391
-7535 6014
4037 7113
-2584 -2698
1937 7527
-1690 -2006
7032 -735
-3681 6761
2161 -6667
2384 -7908
6318 5709
-7397 5942
-3380 7586
-4637 5829
-4584 -6348
-7904 1156
5495 -3138
-2993 -2031
-5640 -610
-7672 4196
-1960 -1717
-4042 -5512
-894 2179
6895 7188
7562 -1840
6139 -7661
1619 3297
-1681 6304
4871 6780
4396 6915
-2957 2438
7451 4538
-7294 543
-4050 4047
-3952 -7895
-4639 3133
-1976 -7241
7909 -2200
-2983 3275
-6979 -7568
-3347 1840
-2323 3930
-4038 -5354
-6554 -6591
-2825 -4561
-5924 -7895
484 1223
7261 -4037
-1104 -4796
2229 -5928
7563 -5644
4228 2950
3731 -3214
-7823 3999
5984 -7728
-1838 -6643
-2764 635
-1654 1059
-4862 7915
3342 3358
-2020 7156
-4989 -3903
7569 7269
2066 4718
3534 -848
5467 2008
-7719 -6580
519 474
446 -3118
-6985 3134
891 4392
-6092 2196
-3785 -4388
-3417 -5
-478 -988
-4233 -4699
5026 -6565
-4803 970
7862 1519
-2841 -1950
-1307 3467
-1297 5314
-1207 -3768
-4449 1422
7603 -7412
-5455 583
3779 5172
2434 5977
-5025 5083
999 3312
6514 -4156
-5121 -5190
-3592 84
-6318 -570
-1786 -1435
-3241 -174
-6904 7022
-5185 -2369
-7783 1706
1985 7268
6074 -5238
-367 2012
-7887 -1174
-7465 -2679
-166 3981
-6946 -3625
-5271 1178
3526 7031
-4412 -2731
4547 1009
5323 -4135
-2040 -1106
-5328 3360
-4046 1884
742 -3024
931 5651
-2482 -4082
-1873 1411
3623 -2727
-4201 605
7626 6025
-1861 -6620
747 -2774
-3412 2967
3085 -3996
5940 519
6208 7513
7346 3855
4980 4389
-84 -7348
7674 835
-1686 -6043
3914 6616
1944 -1993
-3080 7620
1986 -6224
6222 5385
-4098 -4998
-1029 -7480
739 1652
1167 4615
989 -1888
-842 7922
-4426 -5022
-926 -5714
4835 2119
-4361 5080
-5480 6574
-2342 6513
-5667 -6029
5140 3282
1842 -524
7948 -1628
-7106 -7891
-4575 4430
-1625 1461
3676 -2443
3212 -3114
-7575 5733
-636 -7454
-6375 -7195
-8 318
-563 647
-3515 3077
4325 -2037
3018 -5966
-4160 7641
-2866 7213
2250 -3660
4178 3580
1570 -1677
7257 -6041
481 326
2016 6878
7001 5500
-3355 -141
-5560 -7183
6098 -7887
6438 -896
3350 6920
-6401 -2224
-6636 -3906
4952 6179
6414 6112
-2789 6361
7964 -83
-1031 4826
6596 -3792
141 -7832
3919 6346
-5362 5490
5685 7408
-3277 -5526
5921 -7842
3294 -5738
3173 4504
1379 5363
5982 -1751
-590 -2543
6968 983
1530 -3726
3941 5506
-3380 1864
-3262 2570
3103 3072
-3543 -445
-7951 -5427
-7154 -4711
3962 6949
6981 -4410
-3103 -3680
-473 -6360
-2948 -4484
3909 -3189
-484 -5841
-7752 -2974
3955 6450
6006 -4395
3676 1440
2856 1750
3770 2207
-3529 -6894
5896 -1264
-1415 4395
-4483 4654
4329 -296
6049 1072
-2006 -3474
-6064 2859
5779 930
-3576 6945
683 -552
-6408 3579
-4988 -1782
-5278 -615
1143 -3761
-5619 -7179
-6582 6622
-3641 -7470
2518 5937
-2424 -6270
1467 -3035
6206 -4836
-1225 -6791
3384 -7900
1474 -1967
7737 3947
-6012 2340
4411 -6239
-5340 -3353
-3024 -4942
605 -3171
-6910 6957
6407 -6147
-1217 26
2657 -7393
-5813 -2659
2229 7975
5199 -5573
-511 5558
4893 -6720
-6373 6298
-4895 -6695
-4016 -4303
510 -904
5629 -3287
399 3822
-5067 -2651
5019 1272
-862 3550
7354 -3691
2085 3817
-2266 -4230
-2397 2310
-4826 1761
6575 -5214
3549 605
5667 207
7094 7250
7930 -7461
-6626 -5810
3573 7390
-6658 -1999
-5184 269
540 530
6772 987
3667 -6794
-7054 4879
4734 -3418
-1537 -2848
-3621 4527
1335 -7281
2527 -3232
1772 -7873
7384 968
2427 6283
3031 -906
-2805 -752
-2115 -6503
-3061 -5744
-2237 5295
4005 3654
7821 5099
-5968 -5931
684 -2931
-1463 -3027
-1698 2292
-5302 574
1909 -594
7404 2653
7173 -2740
-874 -114
217 -2123
2221 5175
-7805 -2818
4243 -3591
4163 821
-1352 -2657
-7354 -5577
-4557 7936
-929 241
-45 -3497
-5061 -7842
4508 -4493
-2488 -4227
-1709 -20
-5068 -461
-6051 -5185
-7924 3928
-5197 -4951
7278 -876
-2772 3913
3452 2725
-7528 7436
6278 5721
7641 4586
-6485 -7077
-6516 -965
7736 3637
-5679 -7154
-3174 -6087
2177 3063
6255 -7
3938 -3751
-7760 7462
5564 1107
-5067 -3255
-4813 6735
5171 1610
-4440 1464
-3763 -800
5344 2161
-6901 -6680
1302 4471
5964 -386
-7343 3568
2702 1992
3072 -5894
-4332 1977
-2670 -4974
-640 599
-5040 6250
1929 2437
1521 4189
680 4632
7536 7658
-4966 -4166
369 4738
-7919 -1679
6781 -1482
1176 3776
763 -3379
-5262 -3510
-1362 -5637
-4569 -7190
3625 1937
-4769 3858
-1621 2030
7245 -5422
-7065 -2616
-4200 -3404
-3372 -768
3273 -5512
-3640 -7139
-1078 6283
2123 7299
214 4863
4006 2446
-2424 -7093
2421 6237
-3478 1593
3353 595
1225 5859
-6465 -5494
3625 1615
-7857 -1459
-4448 -7188
-7769 -2564
902 296
3843 -1923
1353 -7102
3669 -6982
2718 6915
-3627 -6424
4330 -5975
5380 207
-2696 617
2076 -4742
-2049 5773
3767 2140
-7257 -7342
1901 4485
4058 -1334
5377 -5910
-3814 -5784
-2313 6737
3147 -5293
3564 -5028
-2879 7001
-6505 -5727
1862 -2814
-5510 -1839
573 -2583
2901 -5690
-5333 -3171
-7435 381
-969 -2314
4762 109
-3191 -131
-6486 5643
4225 3567
6472 -1621
4070 -3181
-4570 -5140
1343 6584
-3194 -6742
2042 -6396
5301 2910
-1109 -1363
-4233 -735
-310 1907
3288 -4188
3544 -6319
-2414 -6959
5976 -6568
-3675 7798
7661 6078
-3115 4634
4426 -1667
-3576 -7047
5308 -1761
-967 -3583
655 -6690
-5292 1162
-219 -6332
-7118 5698
-5425 5341
-7500 -7891
1011 4312
2545 -2510
-6697 6446
-191 5291
7046 -1026
-5414 1598
3861 3242
4304 -450
-5676 -3159
-4903 4226
5355 -882
3598 -7810
6702 3009
5771 95
878 6619
-685 -2299
5254 -2494
1304 -4660
-1540 5991
2201 7054
1751 -3
1453 -4790
3788 -4278
1281 6051
6947 390
-1334 3437
4831 -262
1202 1577
-5660 -2081
-5481 2341
-7763 6275
6760 6580
-2292 3198
213 -3054
3310 -4720
1280 -7359
-22 933
5323 612
-1147 2244
1875 -747
-4042 4421
-4727 -7312
1849 -544
-7305 -5725
7406 2443
-1505 5545
2361 -5281
-24 5949
3576 1883
5525 591
-2724 1464
-2359 -2637
-4795 6110
532 574
5038 6108
-4589 -2099
6617 2739
-7569 1300
-5529 5404
266 741
-6695 -6708
-997 -4226
-3158 -4895
5492 -974
1970 -4561
4715 -6776
-3362 7719
2807 -2135
-2204 4041
-161 1424
4581 -6705
621 -2512
1095 -4065
-6744 -6087
-5038 7242
-5249 -4730
3386 -4818
-4545 -4345
264 -3139
-5419 2439
1081 -6628
3454 -2443
6359 -4017
-1870 3240
1288 6461
-3626 -3920
4732 -7816
-7965 -2473
4942 7608
5790 -4402
3410 -3120
-1309 6397
-2127 6018
5626 3046
-2823 -7972
2963 4372
-597 -7699
6911 1790
3211 -4504
-4588 -1368
-1919 6998
4600 2169
2177 -6844
-743 -1499
997 -6297
5277 4947
-7354 -3019
6882 2695
3378 -2118
4827 -2071
-3563 4218
7670 -4081
5847 -1031
-6599 -6187
-2585 4400
1151 -5069
3861 -1945
2419 -56
5397 520
7287 -2387
-5841 -2306
-6328 4001
4837 -3284
6046 3215
-7799 4074
-2921 4518
-5051 -6235
4597 -3020
7810 6199
-7001 -2126
-5501 -3148
-4471 2411
-6160 -3424
-6326 -1042
-6952 -5768
7871 2259
-6495 2635
6476 1589
-7865 7715
5670 -3445
-7496 5642
2569 -7679
-975 6299
1329 -6030
-4163 -7437
4148 -6760
1426 -1966
6341 -911
-686 895
-971 5411
-808 2867
865 1292
-2426 -5926
-5103 -5221
2584 -7334
3906 887
5700 4649
5412 1024
5747 -3139
1586 -5197
-4286 3248
1042 -210
-1722 2957
3917 2632
4677 -5348
-6823 3061
-2630 6199
3483 4166
-3621 -5351
-7515 1052
1948 -3597
1497 -5869
7052 -1027
3025 -1030
-6601 -7793
613 -3492
-129 -3364
5683 888
-2350 3402
-2331 4854
-6528 3486
-1032 587
-7809 -845
7449 244
6519 1004
-7582 6043
-2951 3036
2050 -2396
6579 5165
4770 -2359
7195 -2581
6112 -7366
-1719 -4576
5214 2124
-1527 -6039
6831 -795
4057 7263
5180 359
-1269 4558
3893 -3198
-771 1429
5153 -7285
1766 -2577
-1053 -4364
6630 -1551
2272 7998
3411 4595
-5538 -2272
-6862 299
4375 -3194
-6676 -7256
-5192 -2990
2612 -1056
851 1752
-501 -3808
941 7081
-2335 6373
-7917 -2105
6941 7015
6115 -5840
-3214 -3737
5504 7867
4125 -2831
7874 457
5380 -7117
-7444 7319
6418 7482
-7839 6707
-2731 6319
-2279 -2234
-4047 -6276
2790 7091
7502 7121
4498 7117
-6665 550
2747 2716
-3126 3047
5174 -2577
6233 -7893
7907 7433
6796 -7269
-79 4793
-2217 -5968
7696 -5053
2021 -5898
7683 4025
-2043 6102
-3145 6380
1348 -4561
-5482 -685
-6827 -5676
-4029 6844
-2687 881
4925 4609
6009 -837
6840 4142
5728 1335
7576 -4694
-6055 -427
-2344 2572
-5010 7514
3566 -6681
-5951 4573
-5244 -7984
-4271 -3749
-7527 7155
6133 -1725
4737 -1031
-7179 -124
5147 1413
-965 -6313
-6247 7803
-3580 -5311
-7887 6118
-7497 -6297
-4001 1069
642 -1811
-4023 6805
2773 -6894
-5778 -786
-4622 1563
-1868 74
-4881 -6628
-2194 3814
-7312 6095
3563 6245
-4144 954
935 -4211
2429 -5676
-5010 -678
-4386 6336
-723 3223
4976 -4734
2997 6078
6108 548
2303 2309
4590 -6311
-5665 -5895
-595 -4230
6426 -1330
823 -1264
5347 -5398
6426 6894
-3296 6010
-6011 -5158
1024 -3156
-2019 1577
-1134 -1268
-115 -4217
-5473 7235
6996 3860
-7536 -2871
4513 -6781
1821 -6812
-3485 1736
-5053 7633
7270 -2194
-2159 6887
2305 2199
-7132 5445
838 -6446
-5288 5825
586 -4695
1744 -3726
5004 -183
4456 2315
-854 5648
2565 150
1220 5353
7588 -7984
4809 -952
2681 -767
3328 -2531
5525 -377
1447 -3757
-7885 5416
-1790 405
-3849 7280
-81 -391
-457 6821
6930 -2416
5573 -3635
1861 -4571
6084 7042
-82 -5289
-4194 5670
7044 -6587
-601 2399
-5453 7834
5500 6186
-6432 -77
-2708 -3982
-3886 -295
3778 -2054
592 2158
6359 4162
-6669 4077
433 -7574
2684 6892
-6546 3667
-782 1659
1150 6858
-6538 -4942
1609 1755
-180 -4585
3909 -5162
-1779 -1982
-3314 -283
-4564 7945
-1841 2095
-5971 3849
6372 1077
-5172 4651
2134 2749
4102 -2420
-3157 -5979
4662 -3447
-4540 1509
-7549 3931
-1721 -6613
-487 4681
-7706 -1403
1638 -7585
-1686 1773
-6011 -1068
-906 -7643
7667 2749
2962 -3484
-2346 7499
-6409 -5213
5718 2456
-3916 6174
4519 4945
3496 -3530
-7658 -2593
-1751 2411
-1394 2734
-3352 4483
-4012 -4733
-5220 -7669
-5773 -3511
746 -40
-2169 -2236
2413 -4778
4352 -1626
7824 -2250
5890 7684
-3196 -3081
-4147 1966
997 2036
-4695 2306
-3844 -1843
3329 312
5192 3806
-4656 1703
-3735 -2660
-1903 7454
-5812 7597
2207 7747
-1487 -569
7583 152
6727 -1471
-3005 -6009
-3200 -1927
5492 -126
3268 5861
1364 -2089
-1191 -66
-3627 -6048
1934 1346
3832 2080
4549 1294
2343 -1446
4026 -3304
6819 -3042
812 2430
4914 7919
-6247 -3170
390 -4270
3581 2389
-4468 -1750
210 6927
7088 3786
-3776 5922
-7690 -5078
-1918 -1877
5038 -7162
3634 -5609
-2343 -7279
-5703 -6830
3459 120
-4020 5562
1897 6632
-5205 -2294
-5533 -1395
2284 4138
3203 5328
258 -1571
148 6947
-1136 -4801
-7833 -6286
2376 4180
-6077 -4140
2782 -5427
-6012 6354
-4339 -7997
4442 -5679
-4840 -5296
3450 5093
1086 3071
-6387 -6274
3938 7784
3889 -4096
7550 2856
-797 2142
-4388 5601
3514 1882
-2753 -1486
-5493 -7936
-722 -3484
4666 -5623
-2890 7776
3904 2404
-3668 6878
-4849 -3116
-1223 -6078
5646 4392
5460 -7342
-7690 2479
3680 5522
3924 4448
-3052 4410
-6716 -2812
5217 -7524
251 -2565
3624 1850
6910 -7954
6707 5794
-7138 2467
3135 4761
1605 -5490
2093 -3450
-7353 -7196
-5128 -7075
2947 -3404
5562 5282
-183 2422
-7060 5713
-5130 -3241
-5221 153
-981 7196
4894 -1509
-6639 1314
-4599 5067
-4787 795
7947 -4904
1541 6394
-116 -2745
-2178 2739
1151 -6518
995 1613
751 -492
5883 -3038
7480 3551
-7483 -2263
-4495 -6896
-1826 2747
-4741 -2877
3255 -906
3788 -1742
-2198 -601
-6720 7451
5222 -6017
7242 -6301
6535 3155
6122 -2521
-2402 -1137
-2026 -6002
-1592 -6352
-1613 -6118
7210 -5177
-3659 7048
-4308 3857
-3614 -790
732 -2435
2369 -1009
-6988 -7605
-5517 -1190
3134 -2584
4456 3827
2893 5150
-6586 4779
-4367 3806
-5197 6873
5583 -7523
-2782 -4205
6082 -7145
2700 -5988
-2665 -3402
-6619 -4603
-3449 5282
6386 -325
3398 6037
-871 2008
2647 5077
2244 -1122
-6399 -4074
-3859 1413
-4842 2449
-4108 -4402
-5474 -1042
3715 2607
-3184 7732
6914 6134
6744 -1991
-1712 1371
-2772 5709
-6372 7034
5087 621
5505 5
4524 -6753
7739 2797
946 5205
-7500 5401
846 2919
546 6572
6534 -2302
-7155 1472
710 -533
6080 5768
1606 -619
-4904 7068
-545 6290
-5185 6230
-1248 -4190
2773 -6636
-220 2541
7353 1122
-5534 -1353
12 -3403
6840 -1536
-7389 -4738
1213 -6794
-4434 6587
-5800 2920
5437 -2956
1755 2292
3725 -5339
-2515 1874
-7049 -506
5772 -825
-3427 -4945
-7405 -2391
7024 5504
6174 -299
1621 6189
-2510 3420
-7868 -4325
6308 -4611
-5763 -4831
7496 1654
4584 2473
3212 -7798
-959 -6033
-152 -5610
-7729 -2392
-1228 -7289
4363 4076
493 -3323
-4079 5020
-3993 1359
-555 5566
1638 3584
-4377 -940
4690 7780
-1246 -7948
2811 2619
-5844 2325
-7147 -2818
7491 3370
-4047 -397
8 -6742
-5020 3725
7354 -3195
-5666 -7101
3741 -3774
4096 -999
3850 -7249
3829 -2999
-2719 2023
6420 -4705
-5143 -5400
-5640 -938
-1258 -7518
-4136 2097
2874 -3667
2462 -2170
-446 -1239
-3831 -1078
4265 -1842
-151 4535
-7670 6557
5295 7653
-3508 6785
-4828 -7583
-2107 1589
592 -3594
-4757 6161
3066 4553
-5488 6872
5178 3082
-6651 1840
-2796 -1438
-3257 7338
-2590 -1122
-1757 3286
-3114 4167
2200 4583
1629 -5658
916 -3560
3276 -5745
6954 6307
-1101 -2945
-3371 214
7517 1555
-682 7770
2146 -6859
2628 5725
-1811 -3609
-3718 -498
2808 4331
5834 2974
-4302 6616
2328 2503
2627 -864
1857 -1292
-4998 -5731
-6117 7002
-5598 -1428
-7609 6411
3079 -7933
-4949 3772
6877 -2057
-1968 -7713
2826 4063
7122 -4056
2407 6801
-4452 7920
-4720 2261
4991 -6059
4127 5749
-166 -3655
822 -3901
-2372 -2944
-5660 5686
1075 6983
3274 4935
5379 -2946
-372 1576
5540 3532
1828 -682
-615 -7113
-5379 1575
-4412 2842
-5062 -3107
5883 2019
685 2326
2266 -4167
-839 -3861
900 6731
-7597 -5458
-4291 -4966
3531 1240
-4446 -2580
-1259 5915
3198 5354
-3836 -6332
-1150 6192
-3679 -1189
-7328 -7918
-7223 -6523
1876 5833
1908 6393
-5497 6316
-787 4961
-7176 -7115
6944 -5021
463 -2569
7291 4377
-1654 7333
3235 4500
-7219 -3499
1497 7023
4487 2402
6208 -6755
-5930 -4427
-3074 -4736
-6465 4766
-3836 -5486
-6474 -1261
1053 -1557
-6782 1441
-998 -3167
5506 1811
7289 -6405
-855 -2070
-6195 7914
1284 5573
-7917 -564
-1848 -4081
-4211 2792
5253 390
5756 3976
-7258 7745
1921 7488
-6184 6339
-1903 -2014
-2798 -6156
-100 -7387
-820 7802
-3010 -2277
-498 3786
1060 4512
3091 -3036
7416 7804
7786 -1970
6231 -4665
3749 7924
3439 -912
-6454 6929
5295 -4442
-4024 40
-6731 2642
2929 2668
-193 -7779
-2650 -2661
-4159 -1719
7495 24
2657 5244
1888 -921
-7523 2078
3876 -6442
-5017 266
-1475 -5240
2395 -3748
-1060 -138
7741 -3943
-3453 2194
-2625 2596
-286 6431
475 1938
-1872 890
-4594 -5761
-4659 7899
-7545 5859
385 -2886
5368 -6657
-4597 1291
-3983 4288
3022 3122
2794 704
-2090 601
4562 7820
-4501 -3220
-3579 -4882
882 7839
6169 -5611
-6788 -3097
-1254 907
-1816 7186
5633 -133
5558 -7627
-6277 3899
-4893 -6767
6696 7207
6394 5442
-1835 7016
5334 -2734
3210 -378
-2113 881
-7574 -3699
-3711 3323
5812 1237
4782 3657
3094 6945
-2926 -244
-3950 1108
1814 -4360
-1165 -239
7936 4417
868 -3253
3875 790
-7624 -337
-7760 21
3063 -1892
1897 6502
-393 6769
-686 1030
6976 3082
3390 -106
5815 -2692
-6247 6581
-5173 -244
3466 1545
1936 -4662
4537 -6343
-6549 -659
373 7259
-6133 -102
7258 5431
266 2527
-3713 581
164 7330
-6789 -2964
-5239 -490
1748 1244
168 2163
-4701 5775
2034 6462
4155 5169
5153 -3465
-767 4504
-694 -7695
-4832 7893
-2348 -1721
-3582 -7572
5402 2988
7202 1721
-312 -4102
5299 6919
-5712 -6716
-7003 -506
-5737 5735
2863 5831
1158 -1934
6721 -3029
-459 -7696
-7910 -4265
1513 1654
-2747 1415
4541 5199
-7489 -7389
-6464 -862
1026 1627
-6036 -4166
4350 -1477
-6073 7319
1812 4218
2811 1463
-7155 -5707
7111 -802
7134 749
-6562 682
1895 -2873
4921 -1513
2942 -2083
4254 -2384
7944 -6638
-3527 1262
-6569 -3760
-7199 -1846
-3030 5368
-5782 738
4796 -5464
4727 -7568
-1245 -4796
5984 6096
4456 -6146
6646 -4447
2533 2245
-6652 -3626
-3569 -2553
5769 2568
-3116 2526
7772 -7078
-7606 -3382
1091 1491
-5713 1573
6591 -1320
7920 2267
-6377 3791
-1386 3411
-7918 -5637
6034 2362
-7773 -6838
1172 3255
-1217 -79
3965 1247
-1914 6559
6631 4120
-877 -7384
-3236 -7114
4550 -2940
2667 -4926
1211 -5253
-7464 -7452
-3465 -5287
-1617 -6682
-4976 -1101
-3747 5591
4454 348
-3151 -2529
-6729 5280
-2688 -5013
-6581 3837
-2052 7361
4281 -5625
-5650 -6900
-7811 6984
3856 -1149
-7718 1270
7288 1642
7249 3899
1877 6312
2341 -4916
-7467 -5706
6183 5649
6507 3134
5585 7828
-638 6650
7969 -5424
-3112 -1568
-4164 -5299
4178 1080
-722 5373
2644 -5046
4515 -7616
4586 4024
4899 -7896
4268 -4967
1470 1216
5891 797
-7786 -4093
-6605 5336
7228 1119
-5899 -5522
-3716 -7577
-2269 1894
-7959 5330
1766 5648
-7985 -6378
3226 -3248
5523 -1903
2071 3826
3246 3724
-4516 -6838
-4927 1650
1283 -5952
-6478 -2702
-5166 2060
-7239 -3976
4885 -3278
7706 3812
25 4046
3550 -7310
6700 -7873
5864 1641
-3198 520
7739 5512
5110 7098
7533 -1414
-2901 -6045
-2414 -6060
-5817 6542
-6914 -5406
-6663 -2432
-2730 -5122
5535 -3838
-4980 3563
-2784 -5787
3171 -1891
-2556 -5638
3031 1910
-6006 3113
7858 5939
3312 4906
-1595 -5029
4885 462
-7612 -1037
7008 -1512
-4102 1761
-3781 -6572
3874 6340
2887 29
-7159 1276
-6279 6398
-1669 -3551
-4436 6
-3477 -7158
-6201 6599
-1781 7830
-2023 7056
2614 2951
-6548 -6491
-4198 7893
-7889 -6337
7542 5167
7431 1104
3100 -454
-2413 -3412
-3663 -7858
6767 6590
-4877 6047
-3982 904
-6921 6040
3170 -7671
-1179 6923
4214 -2322
-3180 -7309
4293 -5564
7989 2369
-2028 6390
-147 -3707
-36 1630
-3201 7802
7154 7859
-73 -5373
5884 -5115
-635 3451
3953 -2077
1164 -5654
-6716 6626
1047 -4831
3160 6626
2987 -6104
3574 4725
4958 4216
-105 -902
3500 -6557
3245 4252
7495 -7817
4726 -339
-6326 317
3627 402
-4175 5213
3500 579
6476 -3526
-4370 5596
-2849 -7533
-5071 -1997
-4953 -5194
5407 5111
-4780 -7210
-5071 -5220
-5956 5863
2569 627
-1344 434
2563 -4823
-6684 -4170
-3558 -778
-4620 -1067
-6432 -396
4253 4013
3636 -3486
4861 -3275
1422 7916
-2799 -5179
7722 3237
-7900 -456
-6018 -3564
-5377 -2179
-7015 -6411
-1333 5808
-5629 -489
-5304 -1087
7367 207
-3255 -6479
6 -5405
5751 -7066
2791 -7104
339 -3514
-7445 5549
-6385 -3952
2600 2893
1819 -3986
-7800 1479
7811 3033
-2696 259
-7115 3511
7289 -3087
-206 -1572
-1402 5474
-7273 5265
-5888 -5747
2234 5280
4377 -188
-5581 -7772
-3745 4996
-7331 -5759
2966 -7755
7247 -1764
-5672 7122
-5405 -5869
4407 6243
-6034 7729
-4034 -1244
3082 2896
2099 6698
-574 5612
-5180 -3288
-7005 5258
3481 -1765
-1569 -1000
-7803 248
2084 -5105
3172 -5105
2241 3417
1116 -1912
325 2864
6846 -2750
1078 3744
1328 -1281
4837 5952
-6252 2657
1954 -7374
-6323 -3694
7129 -7417
-786 3376
-2666 3386
5883 -3178
234 -7424
1106 7271
4641 -2090
-6002 1951
6997 7610
-3826 -2565
-3169 -2440
4885 6679
4679 -617
4800 -4780
2892 6825
-142 5673
-4761 -144
3559 -818
-7199 -2989
6971 -423
3894 -2928
5524 7164
2671 913
-4900 454
-5038 -4882
7709 -6650
7044 -6920
-6808 -7015
5489 -7603
364 138
-7600 6614
1359 162
1708 6020
1833 7981
7765 3523
6054 5965
256 -3329
5894 -5885
5584 4014
2055 -5099
-1199 -2220
4194 -3732
3231 5786
-3327 -1320
3059 -4767
3005 636
4649 5131
1287 -542
4747 6505
7500 4111
2463 -4557
3364 -5863
508 4320
6983 7556
6642 7821
2115 -5558
2639 3271
3015 -1755
-2501 -2208
7776 -28
-6581 -967
827 -3832
4016 2024
2555 2595
2845 422
-4736 1142
3775 6717
3038 2742
-6938 -7786
3762 -7227
4455 6606
6046 -2142
-5039 986
-5931 -5461
-3678 2062
-7998 -370
4486 3128
-3698 5676
-4956 7200
1002 5543
-3825 4150
2559 1266
6834 -2668
4671 -3994
-6269 3043
3302 905
-171 6471
-1565 -3984
-4794 1573
3627 -6330
-6372 -5646
-6435 -192
-2119 969
-2684 -452
7217 -181
-2253 5043
-1509 -4723
-7655 -7404
2441 -7017
2726 1044
-7723 80
5785 4932
-2006 -3472
-3367 -3700
-3297 1130
6583 4823
-7946 5443
-5017 4052
4474 3673
2071 -3989
5540 -363
-3819 -4623
-5897 -6205
-2163 -3626
-5035 2577
-7143 4078
-263 -3332
1828 -1216
-1914 -4355
3236 4330
-3206 4885
-4970 518
1979 -6651
-7168 6466
-7169 -2666
-2439 338
-5196 -1234
3604 7116
-2192 -2634
2998 1547
-2688 6681
6769 4317
-2276 2423
2187 -6755
5043 -2347
5415 -5069
-4829 -1667
1136 6930
-7013 2187
-5080 5056
6276 -3100
5936 7018
-5491 436
-1696 4037
-4640 117
-2425 -6682
-2285 -5514
5288 -6304
4023 6495
-2400 7288
-4392 7024
-2090 413
-4857 -864
-1112 -3994
-1862 -5720
-2044 -2359
2065 5280
3419 -5093
-3595 7672
-2245 3951
3538 -367
6931 -1856
-268 3086
-2868 -3996
4272 -2759
-4477 -67
4756 6094
4671 1814
6149 -4454
7901 1731
-6604 1618
1921 6141
-832 -1216
7790 -5254
-3832 5863
7644 2573
1279 32
6020 1869
-5721 3096
3579 1000
-1883 -2865
-4615 5961
2603 5986
-7069 -7997
134 -2134
1172 6405
-1185 1615
4706 5259
3836 4875
-977 2481
-7148 556
-423 4698
-754 -7754
3590 -5603
5590 -5824
1590 -4781
-1583 5304
7557 -6825
-7460 -7766
5334 3389
-7080 -2675
-7831 4484
-1476 -6415
6951 3253
1374 -7942
4115 4466
-4401 6221
-1715 -3500
-6085 436
321 3361
126 5510
5651 -167
-7158 1418
5952 -4106
4193 2061
5589 -3480
-6259 5726
-3757 -3822
-7648 -5399
2673 7685
-196 -3726
7468 -6731
-7740 -1927
4554 1096
-6566 143
-5924 -392
2721 755
536 -3377
2154 4974
6129 403
-3235 -7725
7735 7224
3629 -7887
-788 -3405
4250 2022
5361 1727
2092 -5857
1011 1003
5761 2191
348 -3678
-4779 -1359
-7973 5456
3572 -2485
3542 4626
-1941 7861
-1926 -3511
-6235 -1891
4680 -4235
-6362 -4460
6972 -1260
-1014 1958
2264 5241
-2286 -5761
2041 4357
7336 279
-6317 2234
-1629 55
-1882 4760
6477 -6740
1092 -2309
-4764 -4404
3888 2870
4661 -2753
-4705 5949
7990 -5014
-3047 1068
-219 -4957
7923 -1558
-26 -7888
5047 3040
-2803 -3312
3845 -6017
7924 2268
1471 -1408
-2565 2487
-2268 4436
7991 -628
-7061 1140
-4871 5609
1987 591
-7590 81
2577 4773
-4154 3358
4824 -2571
-3294 3316
-7887 -4977
5863 -4320
-2239 4700
7336 7157
-6021 -4672
1153 -7257
2561 -2654
7856 -2128
3121 -815
-5634 5442
7679 4753
5677 -4019
5731 -4194
1574 3633
-272 2875
5996 -6718
-5390 -7018
7333 54
5255 157
-3418 7791
-6858 5220
760 7196
-5234 -2923
-4584 -156
-2662 -7071
7422 2329
2736 3887
3888 3870
-3620 2624
-4191 5778
-7423 -4619
-6156 3314
6222 -961
7844 -288
-2729 -7327
6548 -6246
-2780 -6706
-6943 548
-2087 7132
-2600 -4296
-6977 -340
-7755 2970
4837 -5356
4251 3830
1958 117
5857 -826
-3392 -7000
4543 -1062
-964 -265
7719 6991
-3247 -3092
2207 7164
6702 -1127
3174 4649
-318 -2763
4754 -6405
-2735 -7178
6773 -6671
-3414 -535
-3022 3343
-5027 -7275
-4921 1878
6429 -2685
-5211 -5828
-6614 648
2464 594
-709 -2006
2430 -2947
7490 -2235
-2288 3321
-4349 -2943
2249 1921
1162 5744
-2442 -193
-1657 -6824
1916 -6971
219 -6940
-7483 3889
7138 -6336
3477 7471
3027 -7480
7755 4743
-829 -6256
4398 -1593
6156 3306
-4418 -5483
1223 -4113
7079 2842
-2550 144
4735 -5780
-4090 5996
4422 5449
7539 3270
-4380 -923
-1057 -2102
-4337 7427
-2374 7337
2220 4379
1356 -2573
-4781 -4914
7752 1373
6512 -5017
-1116 2653
5239 6960
-812 -3945
-4551 -6163
6390 -205
-7765 -1202
1060 7750
7046 3533
-2037 1791
7111 5797
-871 7131
124 4711
4141 -5794
5890 5489
-1079 -7555
1772 3059
-6409 5369
-3332 7529
-3688 1438
-3958 -2441
-5683 4958
208 -1014
7436 -6972
6388 -2035
-5944 -2712
-4737 -7480
-3873 3160
-3858 -1660
1893 5583
-3549 7462
-1553 -2997
1861 -47
-7263 4575
-564 7791
2984 -6966
1446 -561
2523 689
6462 2855
6283 -4320
-1877 5515
4854 -7087
599 5285
-5613 -3243
2454 -2952
-2340 -1806
2916 5048
4262 -5886
-6883 1841
1488 -7486
2601 5992
-2680 -2808
-2312 5629
7164 602
-4979 -5755
-117 -2930
-5731 7482
6001 -2149
1366 -5189
14 -5990
-3066 4082
-391 2527
2047 -3796
5332 -4112
-1705 -4023
5374 6520
1387 4773
-7530 2279
-3148 930
3992 -3828
-3544 6438
5717 -4440
-5664 5265
5832 6797
6544 -1659
4695 7069
-131 5841
-5644 -1320
980 1567
7687 -1039
2189 -3016
-1532 3075
-6980 -2213
2193 4883
5279 -7871
-7767 5998
2618 777
-3884 7024
-6163 2972
-5434 1496
6940 -4124
5049 893
444 2584
753 -7142
-138 -5565
-398 -5213
-1308 -2132
6201 678
7856 -4226
-131 -4039
3330 4212
6505 -202
3959 -6024
693 -218
2548 -7395
-7537 -6631
-5277 -5239
-7916 5966
-7449 -172
-379 -5630
5850 -4629
-6928 3240
3342 -4441
2173 -2980
-1800 -7216
-5352 -2995
168 -2847
-2256 6265
-1896 2250
4270 -7293
4414 -2063
5934 -335
1389 -5938
-815 1458
-994 -1396
-2129 -6244
-2850 -7727
-3047 -6473
-2561 -5455
-4577 -7877
91 963
229 -5289
-3347 4912
2247 -7029
-5845 -4821
3178 2600
6837 6480
6935 -7500
1066 -1496
-6585 -896
532 2757
-6340 202
6516 2827
-6092 -7958
-7174 734
1023 4398
7367 6603
1986 6961
-5858 -871
393 2195
-7734 39
3943 7325
4901 -1674
713 -6895
7236 -2243
2322 5788
-6314 -3671
-5332 -1104
-5381 -2390
3515 -7103
-6287 -3845
4437 1447
31 5331
7043 -831
-2723 -4414
5649 6564
7279 -3769
-2357 -2181
-4679 3812
775 964
-6399 7197
1787 1341
4127 3621
7274 6002
840 -6678
-6011 6846
5566 3129
-4375 2799
7090 4999
3149 7898
5316 5967
7067 1628
345 1632
-6170 7489
-1744 4908
-116 5678
-1651 853
-4553 -681
-5406 -356
1486 -3990
161 4491
1553 -5199
5781 -5814
-4226 -6825
-4798 -5925
-3058 -4514
-3635 6132
4672 4263
6594 -1868
4876 -6131
2763 -5562
-3359 3538
-1537 43
6829 -5639
2401 6718
-7101 -6664
3326 5307
-1799 -5962
-7926 108
4611 -707
-3534 1245
-2704 -1441
1612 -7240
-5359 -3657
-6205 -1218
5153 -7930
-7609 7822
-3182 6938
675 3634
-1459 4500
4230 -2323
-3404 4037
2709 -202
-6079 4011
-368 1170
-3724 -4330
2284 -2843
4668 1230
1339 -1149
-1263 3136
-5675 -212
6049 4963
-4420 5454
-1894 7839
-6428 -6393
-2466 109
-3544 -6390
854 -5914
-3801 6000
-2457 6340
-1942 -2081
1886 -6228
-2421 1044
1240 -1276
-2360 -1425
5800 6053
6414 -682
423 -644
-3237 2517
3102 -1799
-3630 591
947 3183
2634 835
-4113 1972
-7629 -4745
-140 -6987
-4194 5946
5273 7709
-7725 -1894
5693 7987
2626 -2208
2886 -7249
1309 4516
-5741 -7963
-4115 2624
6342 -5447
4621 -5510
-5952 -4285
947 1460
-2125 -2816
-3417 -822
4014 2729
7734 -3693
-5759 4838
1156 -6925
711 838
-3869 1619
2769 3479
-7970 -7235
-650 1789
80 -1419
-1835 -6551
6288 1933
2263 2496
1434 -2832
1280 313
-736 -5199
-3753 -7155
-1970 3702
-2990 3425
5296 757
428 2888
935 95
7917 -2635
4685 -7818
-4722 -6651
-1315 -2870
3309 -1345
-1705 -5089
7121 779
-6638 4259
-6973 6040
-2562 -3943
4096 2559
-4525 4734
-3561 -2139
3493 5233
-5966 5116
-1420 511
-4731 -5138
5708 6999
-2512 1065
-1370 -5947
-2117 -7840
1560 -5207
5658 3122
4362 2452
-5896 -497
-1787 -511
-2138 -4553
7306 3491
4007 -7410
1701 7021
3661 7905
7108 -2002
786 -921
5734 -7403
-4497 -2103
-324 5742
2913 6440
-2017 -3658
1436 3807
7968 -5211
3670 -2557
686 -7037
3673 607
-2861 -1225
-1146 2835
4377 6899
-2603 6499
5567 -5102
2097 -7815
-588 -2719
-5585 2800
-7089 -4365
7917 -5471
1710 -5630
-3778 3970
3278 -2841
-5915 5575
4973 3745
7624 3159
6956 -4734
1722 -5238
16 -5253
4480 -6126
3198 3166
-1393 4902
801 -619
7549 5798
-5210 -196
-3645 -5812
2386 395
-3051 4434
5073 2159
2251 6022
4421 -3829
3269 -7872
274 -7840
-1237 -6826
-6300 -5713
-1947 -7070
-374 5279
-859 -5851
2415 419
-7628 3986
60 -6925
5354 3718
2228 6638
7862 -6060
7789 1286
-3029 -1478
-6806 5254
6998 3756
-4860 -7511
-2280 -4086
5707 6872
-6049 6775
4540 -437
-2749 -4541
-2645 2241
-4023 -4047
7248 -5951
6625 2068
5732 -2390
6816 -5603
1653 2832
6004 12
2153 -4536
-3952 4123
-2379 4523
5372 6692
-5607 -2639
2228 -2389
6594 2553
-7347 -891
-3227 -5816
-6474 4223
-14 -4062
-5671 -99
6858 792
-1708 -173
-338 -543
7153 -3325
795 -7619
5484 -3129
7404 2632
205 -4528
2152 3844
-6409 -7898
3047 2831
-2238 -2427
-1080 7802
-2094 -6721
3052 6197
-7513 3056
-7778 -2853
4976 -2431
2091 -3182
2960 5188
-2812 4748
-4912 1806
-5822 -2179
-6429 5528
-690 -5213
-3833 -5090
7248 -6479
3825 -6530
-1126 -39
-2193 -2365
7129 3457
-6160 -409
4939 7051
-4767 5963
2032 4384
-2645 -436
-857 1058
-7353 2019
-1403 3553
-5004 -6049
-2784 -334
7660 -2142
-1674 -3351
4048 -7757
3287 2829
3305 1330
7371 4447
-4788 3717
-2559 -5079
-2808 -7305
1497 2942
-7429 1436
1481 6448
-4823 4673
5106 7246
5315 7548
6880 -1642
519 3624
-7562 2217
2474 -2066
-2650 27
-192 7806
-7948 -5460
-6318 -5248
-2819 1570
-6884 84
-4982 6006
-7665 2845
-7365 -934
-3308 -1696
6789 -1082
507 4438
-6977 -731
-1768 6362
-3673 -6017
-4703 -1242
-4236 2600
1539 -2001
2353 782
-3522 -5850
-3392 -5853
642 -1120
6226 -7657
1387 5200
-7871 4948
3853 -5323
-4663 -307
2322 6459
-6281 6495
3763 -247
-4526 -3970
3198 353
-7465 2535
-5049 -2738
-2539 4695
-6059 -4428
-4968 7863
7811 2476
-5716 -970
7942 2974
70 926
-3768 1897
-7663 -5088
1080 5711
-6519 6388
197 3203
4791 2655
-6514 -4972
-4541 -2498
6705 -5565
3563 -4548
3674 -130
-7661 3634
-2068 -3694
858 5290
1014 2733
-7580 -6490
-143 -5489
-1468 -4772
-7748 2418
493 7114
-3521 -7718
1054 -7910
7536 6825
-2817 5656
6760 -6359
5765 5518
-4757 -2330
-6798 5867
1373 1847
-6525 -3158
-947 1872
-819 -7440
-623 7956
475 2255
1218 -5842
4958 1617
-1689 231
-7894 1316
-6761 -2219
7271 6993
6451 -2514
6195 5892
1701 -858
-3525 786
-5455 6405
-5412 4151
3623 -3089
6342 -2356
6330 4108
-5425 -4812
1908 186
5466 -465
5685 540
4656 -1241
5257 6598
-3242 4110
-1107 4185
6021 -5894
6695 2437
1777 -2150
6817 662
-2122 3873
4536 3477
-2756 596
6873 -5299
-6576 164
-2197 -5488
1993 284
651 3025
615 249
-3127 4535
7902 1708
-6114 -6488
5012 6770
-2735 6807
-2368 3591
4081 -6385
-7105 -1560
-2204 -4920
-2961 -5573
4349 -5826
1442 325
-7536 601
7915 -256
2970 3565
-2020 3788
-3329 6837
-214 7848
-4812 5848
-3462 -7670
6176 1118
-5590 -2561
-5275 2895
7272 -7438
-6293 -5300
5213 3936
-2565 -636
4367 -5358
91 4616
-4222 -6428
1315 -5030
7404 -5979
-6409 -7547
2399 5495
-1666 -5532
3112 -6649
5974 1706
6821 4176
6544 2135
-2690 -3457
-2636 2852
-5824 275
7945 -1133
141 -7390
-5451 -6538
-5807 2442
-5262 -7148
-1113 -3646
5088 -5940
-7890 4055
5636 5305
-6364 -7804
-5574 7730
-3573 -4256
-3947 -5808
-5509 1703
4961 2347
-7416 -683
3093 -761
-1532 -1473
-793 -3991
-5973 6216
-1924 -347
7763 6469
-4530 5893
-943 -7045
671 -4584
-7720 100
6639 2511
4820 -2174
-7968 5836
1949 -3487
6006 693
-1872 4498
2809 -173
-3772 -6885
1139 -3691
1955 7467
-6926 -2140
-866 6707
-483 -2097
1679 -3981
-6446 -4096
-536 -5911
7482 1332
-1531 -5252
-823 -252
7680 -7924
3595 378
6611 1934
-2631 -2973
4674 -7593
4861 6247
674 3126
4466 7593
7989 885
-3056 -1112
6927 7054
4253 -60
6960 -7000
597 7744
-2057 -1646
-2269 -6444
-5715 6998
-4239 -7303
3228 5970
2641 6978
-6599 -3450
1170 -1580
-5160 -4237
3321 7907
-3631 -6089
-7421 -3640
-1987 5245
7794 -1050
1773 -5321
-3915 1677
1807 6014
-3771 -3942
893 -5294
-3036 -2614
3181 4488
-6388 -1251
4560 1429
-4884 -1342
-7260 -874
5201 2468
-7705 -1202
7131 460
6669 4626
-7042 2099
6737 5014
-1647 5672
-7240 -6374
-1958 -4718
-606 1537
-5865 -5360
-7759 -3204
5871 348
-3335 -3504
-2400 6265
-6146 2816
-4164 -4784
-767 833
4693 5012
7026 6736
5749 528
4262 -2666
-3104 -1046
-1861 -3917
5793 -3720
-5808 -4133
-1131 -3437
7254 -7337
7862 -7732
-5151 -2142
-7607 -6589
1955 5
6920 -1050
-2671 -7988
-6273 7701
327 5739
-5304 4976
-3474 -3246
-4201 -5466
-418 5215
-5526 -6053
2229 -5965
-3902 4313
891 4397
6593 -20
2803 -6511
-1494 5437
1763 7548
-1999 3490
-7346 -730
4488 -3912
-5138 6151
4580 4246
1176 -2770
-3396 -3930
-2336 -726
-5081 6663
4454 -538
-2270 3862
4592 -2683
-6811 -2396
3218 -5532
4658 2227
-6618 -5772
6549 3846
5225 -5945
-3189 4513
-5565 5388
-7270 4833
-3848 5954
6850 425
-12 5773
3508 -3676
4516 -3078
4918 5712
1235 6295
4929 -4868
-2554 -434
-5755 2551
2117 4384
-7551 -2551
7973 5334
947 -207
-3093 -5658
162 -3159
4709 -7150
5967 -3985
3001 6268
-6857 5273
-5332 7782
4879 3165
4101 -788
324 -93
-1479 -410
6608 -881
567 -6614
143 -694
2910 4515
-3835 3303
5580 1611
437 4979
3931 5807
4366 -4702
4677 -7726
-5820 -3327
5390 3650
-3218 6017
-5591 1686
5755 4309
-4962 -5309
-1590 7121
559 256
564 -7338
3829 1388
2585 1250
-327 1998
5588 -4130
-6749 7113
7635 -3748
-4798 -1378
3575 5056
1873 5874
-5005 -2648
2750 3803
-7413 495
159 4037
-3020 3107
-6988 -6535
-5965 670
-2597 2074
3183 2100
4005 -2214
2910 -4897
-2425 -3841
-4843 263
-3267 1862
4523 -771
-4648 6234
4404 1156
4015 6598
-5467 -6403
4276 6517
2027 2808
-3117 -3372
1073 7128
-4526 7915
-7564 1282
-4430 1237
-5121 692
-3000 380
3986 -1967
-7857 -5519
-1718 1382
-6001 -3008
-2448 -4687
1124 2672
6707 2819
1598 -1471
-4526 -4931
6016 2973
6544 -3806
5183 2568
7896 39
3747 3765
-7364 -3884
7963 -778
68 -7318
7301 -7389
4757 447
1967 -4937
-2617 3755
-1881 -265
4344 -847
-4989 -5745
6799 -3306
-5922 -5996
4738 -2909
5948 4348
-6327 -3746
7845 6830
-7989 2942
2198 -1375
4021 6559
4005 -4825
-3642 -4508
5723 -1994
6798 2522
-6215 -6314
5495 -6391
3583 3396
-4857 2975
298 -3853
6871 7358
-6962 -3933
554 7186
7367 -6570
5739 -6710
5245 -143
-6131 -803
566 -5642
1949 -7352
1642 1265
2192 7599
-3824 2943
7656 1819
5271 -6143
2937 -1806
2513 -379
-5805 839
-2476 952
4939 -2942
3104 -2121
4831 -4831
-4779 -3454
3206 -6231
-3150 48
6646 7583
-1496 -4106
7746 -4102
-1358 -1659
-4728 382
4879 -5892
1307 -1340
-3725 -5110
5869 -586
-6265 -3806
6715 3146
3400 4188
7700 4832
6768 -1789
-2397 7643
5821 -4304
4979 -3247
-1833 -2700
6737 4550
7746 4932
1505 -948
-2477 -1397
-622 5060
-2947 -5928
-5943 1822
2379 3109
-6267 5579
3477 4585
-7550 1736
-1976 3735
6411 -170
306 -6255
2639 3850
-7803 6179
6193 1767
-4889 3217
-2878 5880
1069 7948
-6361 -4391
-3323 1784
-7659 -4892
3590 7096
5521 -7724
1281 4612
5242 899
-4894 2940
5989 -3422
1897 6701
-428 5156
255 4267
1962 1800
3798 5748
1945 6489
4196 -2067
3179 3459
3830 -1804
-2787 750
2155 1651
-1654 6707
-405 -1497
6078 1864
7460 -2374
-4565 -7483
-391 -1256
846 -7705
-5689 2226
4731 849
5827 -843
1648 -2825
-2851 5300
449 -2666
1220 -4997
-856 -1316
3495 6278
-5249 6013
414 -4421
4464 5908
-2344 5485
5537 879
-6552 -932
-2905 -7654
1373 7481
5329 6841
2772 -6313
-3793 -7168
-7740 6158
-2240 -7092
-6935 4056
-7475 -722
-2312 -3168
-7264 3161
2192 -179
881 -2693
-2148 4659
5538 -7014
4244 7950
4091 5644
4235 7770
-4364 4148
-2062 -4336
-761 7608
-4920 -13
3214 -4442
-4945 -2386
-4764 6995
1070 651
6824 -1404
-254 6233
-4452 7693
-5933 3701
-6087 4388
1956 -2425
4122 -5067
-6085 2224
4355 -5312
4414 -4032
-5178 6218
563 -2493
5339 720
5988 -1603
-225 -6741
5915 7392
-4748 -1835
4882 -4083
657 6722
4054 -7172
-5351 2716
-2597 -767
2461 909
7078 -3170
-3098 324
5348 -4722
2210 -4879
-6319 3207
4116 5206
6042 4425
638 9
451 2063
-4857 5495
6234 1632
5254 2719
5619 -1852
-825 -7924
-7104 781
-7492 5208
5653 -1002
-4686 -4730
-2282 -6991
6460 -4754
-5417 1035
3905 -3257
754 4838
1708 -3257
668 -710
2065 -7177
-980 3806
3988 -2169
1759 -6549
-5540 1502
5240 6761
5553 -1430
7514 3232
2445 -6314
-723 7761
5141 2784
-4917 -2892
7635 -531
-438 4648
221 5339
-5247 -4859
5815 1884
1117 -980
2921 -5094
-1830 3592
594 3127
-4841 -2811
-6178 7119
-6375 2378
-3169 -7014
3738 5422
5466 -3073
-4841 -5350
-1933 2330
5265 -3029
277 1997
4237 6748
1576 5220
6577 5808
6450 -161
-1557 4184
6028 1072
5366 -2629
3922 3296
6652 6854
-7102 -3507
-172 -43
-1796 3558
-2402 7623
-7460 -7351
-2999 2646
-4478 4699
-2606 7567
-6469 6288
986 -1558
-7593 -2969
-6601 1229
4566 134
-1186 -473
-5504 3705
-3670 -5872
-7393 3334
-6408 321
5115 5036
288 4235
1511 2916
4454 763
-4405 -6163
4278 1126
-142 7553
1511 -3571
4672 -2906
-3797 2381
7127 -2403
-3093 -4360
4676 -7490
-3698 6477
-4943 -918
1867 -2309
-5480 -1565
-1404 4564
-2928 -2534
-6254 7259
95 3151
3354 7602
4573 -1900
7747 -5174
-6320 2870
-3638 3834
7358 -164
-6468 -4410
5052 4743
-4565 -5939
-2975 503
-1071 -4375
3639 4469
-3427 -500
-1159 -434
-4202 4097
1497 3598
-1311 3478
6651 -4384
806 7127
5177 3831
-1482 6606
-1127 6119
1438 -1923
-7344 -5934
-2613 -868
5208 -3308
3349 3985
3032 1989
-1124 -5770
-7286 -3276
2394 -2206
-3972 -4052
4129 -1503
2290 -101
4859 3549
5953 -7211
5182 431
4237 -2157
386 4652
-7666 1778
1414 -6514
-771 6962
-2537 1978
5418 7412
6430 358
5276 7714
5476 7284
5492 -6434
-2062 -635
-5375 7046
2959 4238
-5281 -6467
-23 7505
-94 -5678
-2288 152
-834 1829
4756 2464
-396 -3993
7265 -935
2894 6965
3683 -6406
-4548 4842
-1603 -3819
-6390 4853
-3565 2186
46 -7300
3042 2874
6065 -3614
-5102 -2787
-2569 4233
5831 -1247
-5976 7673
-748 378
7583 -5393
-6557 5779
6084 -3630
2962 -4322
2442 6329
6395 6652
4231 -2710
4398 -7146
4599 -6821
1208 6035
-285 -6153
6368 -4244
5959 -7655
5139 -7640
5784 3591
-4390 5590
7768 2387
1732 -1520
6640 2272
-2683 2964
5199 -4167
405 6733
-3151 -2868
-6019 -7334
-5801 -5754
805 1035
1564 3068
1546 3153
1944 6783
3126 1297
-6175 -5250
-2367 259
-7310 756
4615 -2585
6452 3880
461 -7977
6029 -6860
-2028 -4988
3016 -2393
-3376 3329
7420 3930
4817 -621
5618 7847
-197 -7025
5769 5203
7851 2278
2399 4711
-3101 4451
-3416 384
1357 3063
6434 -7658
-2174 7693
-6211 884
556 -3952
1791 7343
-1676 -7719
-3576 -7656
5562 -2801
4880 -7175
-6297 2518
-3720 5209
-5048 2456
-3959 2153
6481 -7447
222 -6817
1460 -5264
-2769 6300
5011 1820
1435 -4231
3619 -644
-1449 -6132
2608 -1664
-2095 7211
3415 -673
6323 -2439
-7664 -5897
2334 -7248
-4524 1901
5670 -2074
-6836 4269
6432 -3404
7291 -5021
5606 -2904
6418 7962
4703 2827
-401 2407
-6596 2545
-5210 -6541
-6043 -140
-227 3606
-7251 -372
2916 -5275
-7404 -6756
-5190 -492
-2548 -1745
5071 -813
-1234 7389
5002 2679
-6838 -5174
-5053 421
1545 -4977
-5671 -5331
-5659 1497
-1089 -2940
-954 7733
-440 5297
3298 1842
-3167 1367
1443 -2798
-6576 471
-1865 4752
533 7339
1858 5552
6556 2443
-6071 2247
4538 -589
1779 6155
-4393 -4785
-122 2957
7041 -3980
5413 93
-907 -7092
-347 4127
5866 3641
6675 5108
-3822 784
4526 4783
5901 5736
3577 1949
6704 6451
-5227 7080
-441 2722
-72 1379
-4319 -2735
-3554 -4414
6132 -883
-123 795
1813 -3190
2331 1981
3587 -6774
7244 847
5135 -5553
3639 7707
-7585 2725
1701 -2408
1639 4539
3723 7619
-2394 2221
-1905 -1495
7673 3478
-2212 5951
-6521 2503
-4943 2181
4911 3845
6304 6547
1178 -511
1633 1331
3857 183
3754 -679
-6164 1763
6714 2808
6885 6303
7323 -4154
660 6299
3551 5739
2537 7939
4834 1699
6327 -4216
-750 -5748
-647 -4718
-1635 -1645
5696 -4853
4772 -7752
3710 5285
-6741 -499
-3951 -4871
-6050 -4581
-182 7219
1510 -2683
-5859 3552
6212 6919
7844 -1161
5516 -3414
664 7677
2777 7629
-98 -7533
1172 4202
-4897 -445
-3644 5996
6624 -4222
1762 -4795
6431 6041
3149 934
2215 4566
6383 -5224
5883 4540
-7161 -1563
-7011 -2546
-4050 6497
6010 1080
-5135 776
-5319 -577
7858 -519
3410 -6753
-2564 2162
-3187 5160
4459 7430
1657 3432
-3622 7964
7530 -7364
5152 2159
966 5937
-7243 7581
-6176 5765
7732 689
6729 2678
-4392 -94
-4572 -3696
-3885 -5597
875 7691
4386 -2550
6220 4065
-108 2088
6153 -1526
7306 7783
-6981 6221
-846 -7230
-4006 -426
7016 2963
-858 -6008
1974 2168
-5660 3129
-5333 6558
-6666 -871
-1863 -3917
3840 -7721
7790 -3569
4820 -1430
-2479 2033
6249 2238
-6220 -295
-4157 4762
-5301 -6966
-4666 7602
7871 -1789
-13 -1245
4811 -5027
5736 1740
4955 5911
6156 -3678
2687 2714
280 -6166
-3717 6123
2954 -4810
-3895 1853
-23 -2559
3124 -3882
-273 -2882
-1867 4961
-2417 153
-484 -6683
-4312 5936
5717 -5546
-3584 5560
5828 1437
3678 -7214
1032 841
-2798 -2108
1290 2348
1117 7789
-3170 -3113
-3776 3470
7371 -4994
-3170 6918
105 7629
-2737 -4184
-673 -7401
-638 -7390
-7809 7963
-6687 -1961
-5238 5759
-4625 -4227
5936 -5666
7227 -4185
-6461 3768
-7192 -2228
-1375 5736
7235 1646
6829 -5237
-6965 -302
1619 -6200
4055 3327
7523 -2778
-6020 6446
-5033 3424
7019 2079
7300 -4329
-6889 -1348
7949 4977
-4508 2423
2602 -6847
-387 2847
6646 2763
4656 6887
862 2899
-5878 -1755
-2414 6099
4657 590
5053 -5310
58 4978
707 443
-6234 7925
-3166 -4654
3967 -550
-3345 -4607
3567 6792
-1948 5693
836 -2037
-193 -3808
-2853 -3197
-5051 -1405
-3672 7336
-4720 -5552
-313 5601
-3367 7076
-3723 -5379
-7127 -2245
4798 4422
281 -3026
-2469 1730
4887 2810
-4341 2792
-5906 -5530
-5947 6694
408 -4318
-5799 -1896
2746 96
-4918 4091
5183 4473
2219 5127
-2709 857
4614 6182
-3029 223
-4283 -3896
2024 6430
-856 3546
-362 4825
6500 651
4695 -6826
-5103 5381
-6005 -4160
-7801 -1609
7939 -6743
6975 -4761
315 -7506
-3540 3935
-4386 -3431
-5346 5755
6532 -330
-2102 792
5769 7826
-4110 3223
-3949 -6494
7520 3717
-1217 -813
-1341 4042
7661 -4540
-6533 -3776
-2025 -6274
-2962 -135
5472 -1111
-6873 -964
-5979 7555
3994 -2772
-6334 3179
-1123 -5934
2401 -2275
-3921 -850
7626 -4977
864 -3236
5491 -2446
5216 2976
-7360 4576
-4266 369
2445 3370
-4395 -5879
5343 -6788
-6790 7988
-1560 4476
7873 -4245
2499 -1105
2398 -5175
-5314 -1830
4864 -7603
2012 -1144
-1757 7506
6143 5900
-2114 -6594
3375 -4139
-3851 7184
-6346 -2694
3200 -2215
7676 -3563
-2832 6539
3761 -5715
4435 7568
-3059 -7756
6182 -1423
1706 2294
-2257 7376
-1858 -6667
6438 2347
-7109 4243
5636 -6321
-1335 -5056
-553 -2015
2418 1569
-6120 6756
3834 -2935
-1630 -714
-1536 5787
7822 2547
3917 -3941
5366 2760
-2017 -1813
7557 -3442
1828 -3044
117 1181
2592 -2284
288 -3762
-9 -6781
-7636 1288
-1882 -1430
-2823 -2927
-7266 2662
501 2452
5924 5577
-3037 -7071
-1661 7371
-3465 -4844
-5311 -2264
6808 -932
-2961 3619
-238 -4147
4217 5562
4233 5727
6769 -6096
7244 4032
-194 -2058
-2622 3821
-5240 5760
2194 4238
6480 2027
422 -567
7834 2617
4403 -7548
4090 -6503
-1305 -2859
-7814 -7309
1517 -1685
-5735 3279
716 798
3237 4464
-2344 2819
-2189 2475
-5067 1584
-4671 -3794
1312 -5375
-5590 -6466
-5128 -2952
-5850 -2704
-7342 -1300
3016 454
582 -4951
-7800 -6855
-1583 -4935
-7015 3947
-3171 -3899
-7468 1284
-962 -7100
-530 -6007
-5890 -3966
221 5091
2837 -3701
5850 -981
6030 -3947
6056 2804
-3764 1942
6061 -2395
-5657 4898
-4377 -524
6956 -2534
-3301 5687
1030 -2351
4942 -4062
2910 5008
-7961 -316
-1647 2637
717 6802
-435 4054
1718 407
-6021 -3872
-4504 -2088
-1715 2301
7794 1929
3912 -913
3575 -1090
1978 1736
-214 903
4208 1154
-6479 6717
5434 -732
5243 1025
-2580 -7965
-3236 -7234
3940 2770
6630 2037
-1036 -7983
-1356 -4524
-1295 6925
-6732 -1157
3059 188
-1678 -5037
-1193 -6743
-3894 1169
-575 -1250
4555 915
-6793 3433
6177 6615
-4392 1274
3112 1334
-7879 -2829
-3766 -5922
5090 5491
-5271 -5552
-324 7086
2624 -5024
-1258 4882
-5605 -732
5114 5970
4450 7314
6317 -7340
-2905 1563
-5310 3565
428 1551
342 795
2250 -2987
6479 -4277
1071 -3975
-5576 2795
-296 2536
-6308 -3176
-2779 4400
-5286 -2840
3722 1908
6146 2782
-7454 5298
-5272 4250
4591 -1695
-1070 -162
5640 670
1551 -5354
2625 -329
7480 -495
-4954 3637
-7860 -6771
-7512 459
-1550 -5568
-4184 -2164
620 -6637
-6777 7833
4246 4398
6946 -7629
5556 4449
-1482 4594
-5114 -5175
6478 -678
-1543 3888
-7662 4973
-242 4582
-950 1929
6892 -7031
1585 -5691
2439 -4646
-3014 -4854
3139 4632
-4553 1633
7474 -667
5307 -5724
5760 -5543
-3557 -7365
-4077 649
3329 -7830
4764 827
865 7848
-4620 4603
-7869 -7106
2910 -1931
-5481 277
7445 -5467
-370 2094
-253 6715
-4454 -7254
5841 428
-7576 1354
-5655 -3142
-894 6872
-3812 2748
-6711 2036
1179 6650
-6602 -6428
-747 5518
4973 6613
3041 -7489
4419 1040
-174 -6108
-2612 -4060
-2153 -4434
5385 5352
-2382 -7287
1337 3640
3878 778
922 -2905
7709 -1141
6920 -3500
2785 779
-7449 -7597
7572 7162
333 -2937
-594 1480
6448 4098
37 7397
-1613 1889
2609 -1971
-6779 -7619
-822 1936
-7141 -6271
-7235 7859
93 2681
-3452 -3735
5109 -3222
1123 1867
4370 5839
-7472 -356
-73 6701
-3173 1254
-1724 2041
4939 -5457
-4018 2333
2636 1885
3934 -2167
6324 -3648
4933 218
-4143 -6599
7364 -7800
-3518 -7165
-413 -2831
-779 -6288
7228 3679
7222 -2736
-2713 5003
-6178 -5942
-4138 -790
-82 4180
3572 4145
-4857 4821
-643 4948
2293 -7438
-5301 -358
-3331 2303
-5234 -5724
-4934 -3591
1386 4175
-5137 1368
5239 7087
2427 -599
-5000 1555
-5166 1498
-4532 -488
-3790 -775
-5169 2420
718 2855
2818 6705
-3298 -1944
4565 4455
-2899 1683
4996 3192
7405 6274
-444 -7543
5802 5864
6112 2961
54 5628
-7667 -6698
-2937 2719
-1790 -2364
-7823 -4371
143 -3707
3375 -1726
2626 -534
2857 -7327
-2434 6981
-7274 1215
6689 -2279
-5555 5061
578 1581
-7423 1148
308 -6740
2654 -6564
2290 -5186
-393 1508
-868 -5623
1411 -7638
-656 -4177
-1814 -2706
3254 236
3907 -2580
-4072 1251
2751 7007
-3364 6527
-3490 1204
-2517 -5354
-4104 -3266
-3169 -960
7375 3956
1506 2683
-387 -4412
2293 616
3019 -2222
847 -5520
7849 444
-7472 7021
-7351 -6589
21 6608
-2027 -7358
4663 -79
-4759 -2636
-5142 7070
-2308 2751
5759 6158
-2229 -4743
4522 123
-3951 2614
163 5340
-1662 -2469
34 4778
829 5547
4514 6351
3005 7824
4333 -2310
980 -7127
7113 -6445
7676 7674
-6938 4887
5600 2384
-4343 -1109
5494 -7643
6880 -3437
-5248 -1087
4545 -6681
3506 1371
6939 -3696
-3678 5138
-642 7889
-6359 150
6383 7744
-4786 -6889
6228 -4748
-1557 -6311
-7089 -2812
1618 6420
-5190 2106
-7545 1427
6092 699
-894 -3837
-5161 -5525
1273 -380
-6915 3197
2412 -6349
-2656 -7597
-2822 -4787
-4955 -6957
-1350 7255
-507 -4971
538 82
2039 1420
2200 -5650
-1638 4075
92 3577
-7553 1899
5436 -2692
3168 7469
-7160 4015
1078 -2668
4055 -1016
6780 -1242
-7819 -7615
-5715 -6993
512 2683
-2206 2149
-6117 2529
4068 -3186
3928 435
-2812 -7752
2865 79
-7573 6355
