63 119
48 45
45 41
15 58
23 43
18 42
41 1
33 20
26 6
18 12
34 17
5 24
2 61
62 11
16 27
6 14
39 47
39 19
29 52
22 41
33 36
31 28
10 28
2 32
54 56
32 45
57 25
51 26
7 32
43 58
1 25
9 58
3 40
53 12
41 46
6 3
37 15
24 4
54 4
41 25
7 45
5 4
48 63
30 13
36 19
44 13
3 18
19 29
62 17
32 61
47 34
32 44
2 8
59 20
51 40
13 56
55 56
35 1
7 25
31 16
49 20
40 13
42 37
38 18
44 8
23 37
63 45
11 1
33 59
35 11
38 10
53 50
56 24
51 7
17 1
19 33
12 50
24 30
35 46
57 17
9 5
54 55
44 60
21 26
49 19
60 55
21 57
14 26
7 13
27 38
39 17
51 21
24 15
42 3
63 61
15 30
57 39
52 39
23 28
42 30
51 25
46 22
6 40
44 56
47 52
49 29
50 27
34 62
9 15
10 37
38 16
31 10
8 60
37 43
48 22
42 10
38 12
40 30
36 57
36 21
