1000 8000
723 869
869 902
902 390
390 285
285 457
457 165
165 523
523 242
242 164
164 104
104 178
178 440
440 641
641 585
585 240
240 254
254 727
727 64
64 977
977 684
684 116
116 18
18 942
942 519
519 302
302 764
764 586
586 675
675 594
594 726
726 45
45 648
648 69
69 299
299 81
81 889
889 425
81 915
915 756
756 335
756 760
760 162
162 7
7 87
87 286
286 991
991 943
943 538
538 445
445 84
84 968
968 551
551 975
975 593
593 90
90 204
204 995
995 966
966 257
257 177
177 27
27 459
459 26
26 57
57 300
300 864
864 700
700 844
844 718
718 899
899 322
322 777
777 493
493 941
941 857
857 482
116 574
574 874
874 354
459 731
731 737
737 560
560 917
917 527
493 744
744 953
953 978
104 914
914 253
253 609
953 911
911 327
327 442
442 680
680 1
1 933
933 319
864 921
921 166
166 881
881 275
275 205
205 174
174 41
41 291
291 947
947 298
298 229
178 782
782 673
538 630
630 369
369 363
363 707
707 738
738 284
284 880
880 251
251 766
766 988
988 949
949 112
112 318
318 359
359 418
418 798
798 875
875 759
759 662
662 404
404 555
555 38
38 698
698 458
949 693
693 497
889 197
300 696
696 349
349 52
52 837
837 784
784 135
135 821
821 463
463 448
284 997
698 762
762 665
665 150
150 188
988 510
510 496
84 740
740 185
185 758
758 892
892 912
912 910
662 100
100 788
788 791
791 965
965 577
943 814
648 541
541 811
811 365
365 60
60 80
100 859
859 663
663 288
288 728
728 940
940 475
291 591
591 708
708 694
694 820
820 235
235 932
60 191
191 710
710 30
30 50
814 603
603 685
685 800
800 682
682 900
900 540
540 115
115 488
488 547
547 919
919 332
115 506
680 470
698 775
775 873
873 619
619 732
732 652
652 697
697 571
571 717
717 193
193 262
262 317
317 923
923 650
650 411
864 54
54 706
284 203
60 918
782 71
71 868
837 599
599 804
718 533
977 106
106 592
592 578
578 21
21 391
391 653
653 845
718 771
919 543
630 502
551 846
846 451
846 883
883 231
759 705
705 860
319 277
277 295
804 661
661 32
551 893
893 206
206 960
960 735
735 702
702 330
359 783
783 192
192 216
216 194
540 35
80 323
323 342
317 292
298 671
671 736
910 146
146 61
61 607
607 333
333 649
649 992
992 225
933 228
228 657
657 267
267 20
20 611
611 455
455 325
523 856
599 245
910 647
647 265
265 480
480 39
39 362
362 936
902 839
744 640
640 236
275 606
606 237
291 956
641 124
124 149
404 289
289 316
206 954
954 748
748 268
705 598
598 626
626 529
673 792
792 255
255 212
212 830
830 499
45 724
782 803
803 77
77 407
407 561
561 976
292 258
258 767
767 297
297 879
879 810
810 761
761 355
355 476
476 720
720 474
499 516
800 83
302 141
141 271
271 398
726 210
798 576
576 986
986 176
176 670
988 530
530 447
447 198
198 422
422 105
700 613
613 969
969 494
494 219
219 563
563 778
778 695
695 927
927 401
298 831
831 429
880 909
909 308
308 937
609 955
727 549
696 170
170 438
438 223
540 120
120 217
277 617
551 505
505 601
601 589
589 520
551 361
361 472
472 623
589 973
941 414
414 126
126 518
518 233
233 686
686 688
688 779
779 807
845 582
705 171
455 99
99 209
846 396
641 226
262 49
49 674
738 829
829 421
421 569
569 897
897 957
976 479
479 849
520 833
833 948
948 259
259 473
473 485
451 109
109 471
540 729
729 256
256 329
329 388
649 452
452 901
901 567
943 281
527 374
374 945
574 428
428 158
299 352
352 490
505 938
192 816
233 367
367 437
986 884
884 37
37 532
532 924
191 664
292 959
959 716
242 380
185 73
245 311
71 449
449 63
900 825
18 678
678 147
892 376
978 524
524 345
652 812
812 734
734 690
690 929
977 348
880 683
683 861
861 655
655 602
602 453
453 56
56 8
194 138
138 478
661 658
493 392
392 747
747 94
267 213
213 754
754 371
543 403
403 137
137 40
576 558
527 596
322 790
790 996
996 234
234 583
342 689
689 114
114 894
894 103
103 872
453 313
706 528
538 632
864 387
387 224
532 364
63 746
746 215
215 503
503 854
854 638
638 384
384 639
558 553
553 424
380 456
632 498
73 238
87 248
248 430
764 419
419 461
461 867
662 677
677 612
911 450
726 835
835 703
363 843
843 173
696 513
513 961
771 270
270 290
290 70
70 66
66 306
528 117
117 293
775 328
328 789
758 535
535 62
62 851
927 862
652 241
241 183
440 468
468 48
48 971
288 828
39 274
274 944
585 822
822 980
342 101
101 500
1 169
744 338
338 372
372 337
337 12
957 214
214 4
4 436
436 772
772 389
389 989
989 484
308 78
788 495
468 801
801 925
392 314
245 817
817 350
350 143
228 588
924 483
440 931
7 55
55 280
164 408
64 379
379 786
786 666
666 416
215 222
293 615
615 278
862 439
956 704
889 651
651 752
528 743
112 667
667 620
620 990
990 572
194 654
654 283
543 5
777 186
839 802
257 378
911 144
144 444
655 676
782 627
627 1000
1000 509
837 287
287 140
233 148
479 125
293 882
283 98
676 423
7 964
571 373
706 984
984 584
18 304
304 548
54 131
984 888
316 616
616 129
129 768
191 279
279 133
216 972
972 669
977 681
144 604
476 402
978 824
986 353
353 276
788 491
447 886
533 795
795 776
698 852
852 993
21 163
752 386
386 346
541 876
653 239
239 382
162 93
953 127
197 467
332 895
404 410
771 939
939 218
218 916
916 441
441 16
944 794
794 770
194 765
765 979
979 426
894 797
706 566
566 2
2 712
978 970
970 92
317 172
936 341
341 539
539 904
904 10
311 855
442 501
501 200
828 454
454 151
662 922
632 896
694 22
18 568
359 58
58 751
354 721
683 119
119 86
323 321
321 89
89 326
209 394
394 725
66 536
536 310
310 546
966 477
311 184
539 153
153 46
46 691
691 243
495 11
11 211
876 44
44 841
499 187
602 85
85 974
12 575
575 182
345 29
712 207
439 659
54 885
885 631
146 963
771 645
645 679
679 123
123 492
492 958
804 356
356 898
450 946
342 91
456 526
54 906
700 397
185 515
724 928
77 559
860 263
263 130
130 504
497 420
420 36
348 714
254 815
359 28
500 595
131 542
542 82
311 252
252 848
444 633
12 415
415 196
196 903
326 417
677 699
699 587
587 249
249 522
837 309
566 773
857 466
589 157
410 334
38 769
289 545
455 534
585 136
136 847
966 757
757 537
546 343
844 190
770 108
424 443
491 622
278 145
577 982
982 88
662 590
726 887
127 301
676 486
685 605
474 913
78 220
744 110
848 43
398 905
710 250
198 340
340 508
508 272
272 97
913 834
941 383
30 570
453 180
224 160
463 393
651 926
815 608
587 711
740 967
967 550
754 53
732 3
657 33
33 544
170 850
417 507
622 642
176 730
915 460
955 315
468 76
348 891
891 405
83 377
377 142
158 65
921 339
217 175
186 983
652 987
744 722
722 232
135 181
181 462
285 668
841 935
506 709
732 733
733 625
625 840
868 556
784 908
188 324
324 853
583 159
159 427
7 51
377 624
811 799
795 399
466 877
477 646
935 517
18 808
808 264
864 999
561 134
92 446
587 208
208 307
485 890
648 79
470 998
583 962
852 644
737 336
336 128
417 9
180 692
931 312
312 806
352 512
517 155
155 47
233 985
583 719
180 796
977 464
464 994
728 836
110 842
313 469
710 793
793 865
73 870
870 819
265 565
175 597
280 672
28 17
71 19
852 6
686 294
35 514
466 713
690 687
588 742
830 433
258 618
196 636
636 400
99 246
48 701
57 31
497 481
592 832
855 614
191 296
297 930
575 247
627 635
251 261
789 375
824 755
666 660
335 813
325 818
798 244
120 580
194 122
388 331
249 878
876 934
240 68
747 950
988 96
885 643
643 412
556 581
517 156
308 113
98 121
978 489
872 360
824 14
997 75
528 282
282 366
496 195
46 557
520 347
754 269
329 432
19 634
471 368
368 168
356 610
169 161
301 395
617 23
960 357
426 573
775 823
823 525
726 981
736 167
942 531
451 201
353 59
690 745
486 227
796 858
286 385
588 406
540 111
111 102
547 15
551 774
86 579
608 42
799 409
754 826
769 154
195 621
796 871
871 202
194 303
225 763
770 637
712 132
700 907
700 805
805 465
465 750
536 435
322 24
342 749
864 358
426 656
195 13
720 230
590 67
206 434
535 552
121 809
762 739
278 827
624 72
258 741
774 152
152 107
546 785
449 95
681 344
672 431
395 629
346 487
487 305
960 320
815 118
118 273
819 781
738 511
561 753
466 562
209 863
441 370
337 838
483 564
685 780
942 866
285 189
417 952
703 199
853 600
921 787
324 628
495 951
326 521
51 25
992 179
238 266
769 260
562 715
387 221
494 381
891 413
825 920
361 74
185 554
466 139
653 351
512 34
264 148
356 289
665 500
818 101
660 652
877 508
59 883
16 370
345 981
723 465
679 786
643 376
619 784
501 105
887 261
765 287
663 10
664 473
99 641
885 547
910 184
851 812
171 145
713 665
193 692
16 730
227 110
814 185
423 176
737 345
458 416
740 434
121 598
293 290
963 690
212 769
696 638
927 523
748 194
729 165
271 533
268 938
605 833
475 884
562 881
279 790
426 395
265 216
904 783
787 892
65 347
101 973
357 969
588 843
146 316
920 654
225 667
911 678
470 167
680 839
63 647
957 979
829 147
874 308
729 219
423 347
97 482
703 264
287 425
239 840
715 577
825 326
619 88
281 857
689 1
545 813
194 757
878 186
632 824
995 671
101 854
288 818
81 931
775 519
348 130
70 309
497 979
128 984
933 486
475 950
155 897
497 114
904 4
748 458
497 764
518 289
750 312
6 908
796 659
482 447
847 690
662 937
513 626
541 679
59 514
653 131
959 66
136 629
316 878
235 269
207 819
297 356
206 377
906 894
533 643
212 934
660 685
964 617
156 785
68 837
52 640
427 433
805 476
816 33
218 353
18 444
215 859
935 577
758 252
853 805
366 243
491 928
979 304
300 586
728 145
597 786
826 52
690 305
977 159
532 266
990 388
248 423
96 729
382 814
874 427
554 333
576 233
685 299
826 394
928 747
536 407
551 617
224 919
107 852
47 764
870 738
293 115
894 660
640 535
427 35
886 253
57 372
731 531
52 415
462 610
676 802
507 233
564 641
891 417
724 429
796 172
966 370
386 525
787 473
202 281
304 819
895 361
896 212
471 738
871 110
981 414
190 800
459 878
313 792
956 421
980 310
122 269
747 434
364 926
6 670
997 240
421 707
573 468
437 569
12 426
341 967
371 849
148 110
969 137
246 428
921 428
274 902
947 632
205 215
206 580
178 89
175 65
130 739
893 925
342 871
197 676
128 391
496 300
512 552
931 532
136 889
333 72
852 182
126 908
423 940
355 591
875 301
44 847
497 982
190 105
472 846
603 86
562 348
731 786
449 662
863 662
585 962
734 586
928 35
787 837
680 351
127 721
530 891
877 392
435 846
551 330
511 827
438 433
632 652
31 109
366 918
616 290
730 864
313 279
516 159
11 365
953 719
447 992
82 704
890 7
203 536
917 120
498 145
462 729
70 900
853 528
40 580
846 307
350 431
641 682
559 775
265 742
754 725
176 42
416 375
61 593
195 102
460 222
342 404
859 696
665 178
621 395
221 432
234 54
645 829
836 341
929 223
737 518
986 49
857 519
540 649
844 862
423 369
381 235
469 947
710 87
701 794
251 819
786 896
91 888
337 497
458 831
497 543
705 127
929 912
199 495
598 265
130 670
189 708
340 693
595 4
63 601
684 688
585 158
1000 937
968 454
639 541
27 328
976 963
26 712
221 69
672 363
718 871
364 469
872 477
9 34
14 544
972 211
585 965
938 645
129 6
517 18
896 155
796 194
81 322
175 538
939 247
104 795
636 438
484 899
94 472
375 915
42 949
229 979
572 915
317 726
428 6
895 939
396 919
887 6
807 630
678 378
997 580
650 653
537 582
517 16
634 231
32 686
898 559
119 739
68 350
40 263
743 762
813 513
918 929
608 907
91 113
358 222
614 673
808 990
499 329
621 518
6 818
590 442
912 358
242 214
970 613
12 665
963 601
2 862
987 261
178 192
170 760
288 206
270 612
811 300
575 925
528 320
169 735
232 455
82 156
359 333
394 430
802 82
252 45
813 295
660 734
773 467
857 129
704 38
3 2
164 890
865 67
549 763
307 246
862 968
968 589
522 670
978 959
136 595
726 683
814 702
532 70
780 972
811 325
555 380
858 110
774 862
104 907
272 401
335 801
279 239
127 235
275 958
36 913
643 439
424 73
172 139
847 508
91 695
81 207
162 608
203 241
675 9
731 317
518 676
337 798
996 27
853 461
511 883
974 744
999 764
938 762
172 446
672 38
957 497
64 87
568 427
266 862
1000 944
638 169
335 947
397 106
852 326
742 774
765 116
843 69
282 54
573 134
705 404
738 667
196 660
529 406
635 680
345 562
482 280
458 875
68 934
492 390
513 478
638 281
463 172
622 202
882 703
457 483
821 720
220 352
359 739
441 615
116 275
524 711
173 891
232 389
342 827
497 69
37 472
444 250
809 316
421 1
182 133
46 760
915 699
195 579
13 189
60 485
455 122
990 253
670 932
740 877
7 57
74 695
225 534
308 483
811 868
421 347
906 575
785 758
438 755
396 561
930 653
907 196
913 935
220 369
287 483
522 207
589 841
913 83
901 364
750 192
448 526
296 643
673 524
763 430
697 289
139 525
985 124
420 216
560 172
342 302
195 624
698 714
981 625
285 239
240 382
988 416
33 704
20 519
785 507
699 972
104 142
645 808
364 481
555 955
119 220
470 623
979 375
754 398
104 62
294 983
705 304
345 161
74 792
358 399
666 945
56 239
323 150
4 450
166 707
798 218
765 529
605 164
747 208
415 449
637 9
125 677
226 360
378 137
360 322
720 182
299 24
121 873
359 97
143 718
974 183
169 334
883 95
942 119
668 564
646 360
170 936
626 316
978 645
283 520
748 817
188 497
164 776
256 814
674 8
996 633
291 689
418 135
517 513
635 732
779 622
704 614
514 125
200 357
230 281
455 719
752 563
991 661
183 870
983 574
618 294
330 722
366 369
300 231
670 414
900 972
740 824
793 10
792 952
244 199
92 691
242 327
63 948
731 914
414 919
123 165
230 438
108 801
45 294
112 340
851 886
45 291
951 323
569 541
409 555
310 831
835 472
81 201
350 381
507 763
771 378
807 843
959 559
724 791
648 797
543 553
875 566
773 785
519 624
244 830
613 456
193 460
355 20
51 603
240 681
849 543
351 991
462 147
824 586
695 2
531 756
308 881
289 163
991 260
881 570
856 608
447 436
381 947
952 630
253 257
316 284
599 296
556 993
282 316
52 182
970 672
653 467
405 175
855 11
805 693
224 517
355 853
216 346
603 298
257 239
620 297
587 455
245 733
663 696
117 971
334 872
172 100
903 517
876 230
529 699
883 641
892 682
874 438
157 707
3 717
511 401
436 103
927 200
503 141
791 972
965 8
328 961
281 794
290 387
366 736
769 820
298 901
584 912
417 413
266 776
242 299
426 967
267 246
509 87
148 461
731 261
842 591
236 10
7 857
39 97
745 12
577 590
899 296
679 81
467 965
336 406
342 614
492 107
366 83
742 428
189 172
176 135
846 840
544 569
894 585
810 326
507 174
500 763
588 964
718 585
774 290
783 647
388 996
671 23
828 175
838 36
747 442
340 944
21 367
838 192
563 146
473 389
499 310
919 698
5 934
813 796
924 915
888 629
963 306
961 755
132 735
30 821
329 569
287 356
620 669
836 271
526 674
597 514
703 266
91 416
718 793
852 597
905 155
918 775
936 130
84 787
14 792
795 487
910 948
512 158
700 652
218 49
155 773
875 319
788 58
768 655
129 863
487 460
205 95
954 665
876 948
228 328
494 574
249 197
998 419
665 998
964 32
303 396
474 591
267 158
850 703
555 360
794 800
213 365
111 45
795 480
662 322
477 692
308 432
461 901
55 510
264 281
853 839
885 963
207 888
11 510
63 441
178 945
930 501
911 798
150 101
228 711
523 309
535 47
760 221
465 469
13 442
455 692
860 899
93 270
560 771
786 479
365 530
605 889
226 591
252 842
712 70
782 762
618 612
229 888
491 108
780 246
952 386
933 415
312 387
387 86
469 635
683 702
265 200
676 668
66 721
749 798
611 385
496 515
282 117
859 688
55 818
722 47
259 744
156 334
282 940
926 879
965 283
928 553
458 93
959 535
955 330
4 125
971 743
143 534
102 751
261 322
140 662
272 461
516 270
840 104
3 256
156 419
294 926
112 785
266 130
268 11
665 807
565 569
279 225
194 473
522 983
286 549
879 88
809 317
436 55
497 769
858 116
190 531
728 306
374 426
512 651
664 506
381 245
518 275
340 579
97 513
886 993
473 614
98 502
690 883
213 378
543 354
206 11
34 980
339 3
143 543
343 263
850 238
904 371
485 52
868 985
108 535
677 496
805 111
506 987
923 929
426 452
42 236
302 318
779 93
342 795
221 175
913 201
531 723
193 645
241 651
636 468
907 21
378 3
751 770
950 889
261 209
63 156
78 494
92 677
931 672
403 257
152 223
353 779
700 172
328 331
499 527
361 529
416 345
114 380
37 462
484 498
506 613
840 800
940 142
514 503
164 205
412 568
391 792
98 385
910 668
80 144
544 822
188 138
706 705
119 186
989 173
908 284
469 2
449 565
218 502
530 452
707 122
245 609
568 584
429 694
719 207
19 495
644 486
779 550
480 331
283 775
844 153
188 321
538 250
471 180
249 775
96 209
215 910
918 244
808 877
364 528
961 55
836 311
350 905
203 662
805 435
934 722
371 196
522 218
667 786
701 205
376 334
148 688
591 230
959 251
835 598
862 258
881 34
564 88
753 850
347 627
105 360
444 605
117 611
244 334
636 619
127 986
469 844
253 185
56 986
814 976
86 436
653 712
887 22
262 199
470 676
200 86
160 128
703 437
292 41
380 76
509 666
453 818
615 781
252 321
472 948
164 687
721 832
464 193
233 179
125 157
269 453
814 931
483 447
823 478
752 249
259 998
517 470
712 342
989 138
201 544
614 306
621 441
484 174
156 265
720 866
607 370
333 314
888 596
443 603
886 429
705 362
847 107
42 828
255 837
594 502
869 508
436 640
680 654
663 145
667 345
646 348
177 246
267 473
693 128
185 850
566 212
447 113
783 369
519 679
671 688
4 180
262 718
269 406
346 380
349 477
443 502
746 548
120 660
859 495
913 595
265 342
400 734
347 608
929 106
326 266
27 705
924 276
647 876
2 622
636 452
615 185
309 789
735 425
325 487
893 251
937 963
748 595
766 586
712 707
805 829
629 579
712 842
312 91
73 444
21 554
230 980
143 377
869 233
444 422
344 858
435 605
285 175
767 247
635 833
674 268
735 267
916 638
784 105
909 302
683 38
92 517
41 461
415 589
407 977
6 442
816 455
91 150
600 202
274 532
841 448
307 55
111 221
366 654
224 665
596 438
529 433
501 533
595 886
957 787
245 484
164 122
22 420
546 976
222 754
706 159
905 32
532 905
74 782
79 242
579 682
513 865
211 286
301 389
988 391
407 55
724 56
990 650
566 749
920 177
841 646
599 854
172 98
950 106
939 158
763 208
935 955
496 928
541 521
246 263
820 806
451 432
679 201
570 997
791 243
931 930
372 320
810 733
198 830
24 726
260 597
649 318
679 619
107 565
419 286
247 72
921 718
426 18
27 77
417 770
853 696
9 93
926 338
643 557
973 639
599 749
783 457
444 825
120 791
425 1
336 212
244 689
623 632
311 149
378 218
579 986
3 306
613 965
364 300
838 388
12 312
658 17
286 303
402 710
324 519
354 263
87 672
781 365
706 233
155 508
464 606
839 342
994 208
857 943
338 368
196 790
93 819
481 317
592 403
519 681
831 764
275 963
648 849
216 119
150 708
802 720
822 952
449 569
681 548
678 68
440 716
760 56
577 751
208 739
209 380
903 122
51 70
207 320
705 316
451 258
698 882
588 723
216 229
368 35
470 712
39 731
323 448
315 397
469 656
803 639
779 582
504 974
80 100
101 585
654 111
784 142
416 157
638 79
523 380
910 3
858 40
495 156
46 426
815 541
736 347
218 334
988 402
748 322
184 49
747 224
69 22
196 288
186 288
192 564
800 945
426 761
86 33
301 28
806 696
906 290
702 492
369 473
16 789
245 615
476 713
172 38
19 821
329 602
16 114
994 905
233 489
579 47
157 487
425 874
487 471
169 109
394 428
234 653
660 528
296 671
344 399
737 870
639 7
996 804
679 617
736 213
307 203
70 211
800 150
362 985
565 467
735 721
483 350
398 957
709 97
322 955
771 309
635 632
928 905
525 120
768 249
264 733
669 385
312 509
900 878
171 610
529 391
249 612
982 154
260 691
183 140
283 246
491 921
400 942
82 515
503 332
667 723
571 868
517 527
190 570
107 732
149 793
167 906
584 201
60 155
566 480
924 663
170 380
483 587
563 818
603 55
686 557
432 950
582 387
476 911
8 719
141 33
500 903
841 729
747 948
253 762
369 623
662 826
941 657
847 293
30 777
687 732
823 69
771 881
369 904
790 483
190 329
108 520
930 882
511 631
196 783
231 444
387 779
796 736
805 921
898 554
688 833
96 468
358 682
281 572
576 93
286 113
538 723
23 518
85 354
305 698
955 416
664 466
51 236
123 43
264 548
527 680
38 141
397 958
333 986
367 87
489 149
535 842
384 871
241 839
549 57
936 64
570 989
187 812
145 638
343 235
43 631
862 418
808 281
93 343
825 142
318 898
223 141
879 238
177 195
7 368
978 339
626 36
125 396
601 362
814 271
515 577
727 482
939 185
160 327
814 347
633 844
396 590
509 906
831 625
695 632
947 815
895 293
383 709
201 719
263 346
706 835
482 827
172 184
895 835
682 337
186 722
996 794
303 763
103 60
624 760
809 345
38 912
565 833
105 36
399 919
299 750
441 821
143 598
771 19
893 341
185 967
713 240
252 63
677 574
317 32
321 128
533 251
254 994
531 544
841 889
585 971
49 124
353 555
421 629
220 705
43 400
621 604
643 200
844 133
991 515
763 878
888 59
205 665
611 392
877 499
616 504
51 481
860 840
578 6
978 209
658 163
316 884
502 114
18 811
917 264
789 173
685 243
429 99
522 108
874 535
803 102
579 604
733 660
834 708
254 451
161 10
324 272
134 492
585 997
888 263
51 797
186 721
857 915
12 280
913 448
688 384
926 498
298 426
283 964
830 149
370 727
750 209
625 433
524 118
856 401
719 740
363 570
662 351
129 493
642 427
213 976
604 754
195 252
437 837
480 641
112 467
637 38
713 120
667 938
530 912
183 356
643 685
645 503
535 237
804 381
506 380
223 428
766 654
513 31
482 263
992 982
569 562
454 989
599 374
154 660
931 355
772 588
434 764
459 303
965 498
474 3
798 640
280 391
316 687
347 624
691 305
39 813
470 536
731 843
713 844
402 565
69 249
192 241
970 679
684 15
407 339
824 873
31 200
998 583
542 547
198 707
445 9
39 901
996 196
808 455
491 602
274 440
26 341
455 532
591 423
902 52
924 567
450 362
220 619
313 129
194 912
570 647
500 610
492 810
217 490
325 161
397 975
114 243
582 8
529 920
550 67
53 375
838 935
893 1000
698 62
523 842
589 438
597 815
22 396
575 962
34 195
511 536
682 171
146 180
980 703
299 779
66 34
550 122
485 357
447 264
981 359
259 226
879 316
750 340
641 461
233 264
5 144
548 759
291 108
279 280
700 121
303 547
488 752
655 284
340 653
124 750
34 731
730 273
923 742
666 970
22 275
205 184
89 136
732 505
1 187
842 432
309 614
979 109
116 75
492 920
75 850
584 468
143 925
497 345
318 35
893 971
764 688
90 286
545 572
414 603
374 210
506 582
161 863
640 181
283 888
385 572
85 441
268 745
902 402
219 422
773 263
542 538
107 133
915 66
26 45
554 126
315 503
575 100
494 406
893 561
22 947
233 152
468 162
240 686
138 416
16 630
424 741
14 973
968 74
652 255
461 226
345 388
126 951
65 199
73 164
695 986
769 519
574 552
250 74
52 341
829 444
401 749
373 907
885 746
658 964
454 722
818 587
988 117
431 430
279 744
988 316
42 897
391 741
639 626
826 733
233 36
11 672
39 603
599 786
876 646
48 614
721 741
7 478
100 2
958 596
840 366
789 729
158 759
851 369
259 82
76 779
286 804
733 65
55 504
69 375
433 573
321 305
851 580
890 663
733 432
65 39
470 677
829 674
34 843
882 136
178 493
796 231
854 429
353 597
852 827
557 888
820 773
262 260
214 429
106 86
495 345
421 830
375 201
297 833
453 537
549 667
923 430
657 85
552 705
66 438
87 622
923 160
924 691
90 976
712 920
964 763
176 96
938 375
417 246
182 380
606 711
553 669
125 789
868 797
355 397
90 479
438 317
152 737
518 514
843 26
42 700
985 201
159 609
292 762
292 743
526 96
496 635
232 234
85 717
799 717
306 153
509 483
789 721
355 267
553 630
724 278
628 110
371 762
97 277
298 600
274 693
590 664
611 134
598 717
917 941
409 338
965 277
435 281
371 614
593 736
477 42
958 207
551 398
761 431
169 308
304 374
663 961
237 319
972 275
968 593
507 626
527 791
116 202
399 903
91 169
770 762
849 280
395 19
378 990
180 815
294 630
283 772
825 133
150 749
148 596
6 91
102 722
363 286
340 648
238 539
160 285
381 954
534 14
433 261
255 787
661 293
367 801
784 948
433 881
864 752
200 895
200 270
352 639
523 991
481 950
699 219
641 192
667 608
632 495
888 159
843 108
98 674
842 414
823 768
950 848
241 923
261 547
455 45
476 50
855 281
973 87
958 384
972 425
77 301
329 471
134 317
231 635
803 966
304 75
663 860
952 395
185 480
709 855
679 516
599 451
816 626
644 95
580 20
172 123
487 3
664 526
737 567
527 232
428 755
683 854
541 370
833 600
38 155
543 623
119 9
717 652
438 800
412 485
895 184
662 458
10 726
444 7
415 63
162 342
253 119
295 448
892 408
365 452
210 597
930 327
375 512
435 524
438 598
381 354
119 684
90 917
669 712
548 593
291 683
373 663
918 298
911 459
559 237
179 164
486 870
50 317
171 202
507 690
229 500
426 245
395 816
526 728
315 325
914 792
275 476
508 990
265 30
117 474
504 102
205 656
171 899
812 495
283 420
411 36
620 486
220 53
327 73
609 466
131 287
744 892
153 121
444 217
430 798
713 834
90 609
416 63
576 258
332 276
982 363
696 156
885 201
899 165
677 104
632 452
378 243
894 922
94 266
523 68
948 814
56 231
651 743
295 972
510 756
813 653
182 614
870 22
192 431
5 719
973 568
177 865
79 655
134 404
163 294
335 370
505 577
162 385
378 67
616 965
547 155
224 533
210 150
171 106
12 834
142 422
1 471
116 672
365 474
65 397
112 978
266 675
172 982
993 985
943 756
563 600
789 725
977 388
874 250
378 92
154 314
314 443
556 440
91 803
343 882
824 810
788 574
938 610
534 486
338 117
558 647
933 495
646 947
618 810
341 395
59 973
584 340
939 378
997 813
805 714
111 65
670 35
354 905
998 334
803 769
836 752
530 527
299 620
982 514
343 373
573 942
311 502
264 671
650 190
245 124
676 360
701 82
569 498
169 900
196 375
873 15
882 730
727 685
946 354
173 343
43 235
128 627
387 621
874 335
332 152
75 110
105 677
689 477
361 643
853 338
145 965
653 220
352 656
363 303
430 160
904 22
528 381
321 756
937 105
548 766
604 924
655 431
669 729
958 49
791 734
429 762
764 914
754 37
4 332
477 231
809 562
159 567
153 436
700 722
5 972
658 254
598 746
304 838
505 750
796 26
103 287
415 313
406 325
794 305
25 207
547 554
464 407
803 801
202 40
274 466
614 953
593 294
673 503
186 560
449 987
820 469
659 804
205 847
519 81
872 191
267 435
701 550
13 729
171 812
673 260
771 753
383 393
292 560
16 219
219 255
481 143
73 89
399 497
25 79
982 287
506 91
446 749
583 260
257 128
324 835
109 885
739 807
650 513
736 23
477 17
930 427
643 929
659 427
142 460
859 366
822 392
643 521
653 524
651 814
89 823
31 386
273 802
653 769
859 491
81 609
790 526
269 514
674 103
97 702
735 233
698 798
118 694
640 585
75 212
341 742
182 291
164 261
245 459
298 527
302 622
170 189
317 622
444 376
118 506
740 908
588 677
684 822
598 802
395 558
794 312
282 397
641 509
494 229
636 948
74 606
953 348
692 130
34 39
677 868
271 994
101 467
184 451
809 732
129 873
636 960
102 255
378 788
894 267
923 1
712 326
89 958
273 386
812 75
431 12
721 393
500 462
557 407
621 127
370 314
250 778
842 454
697 382
659 633
717 293
680 184
788 665
358 196
542 826
33 920
585 726
319 679
945 169
640 548
389 625
516 596
509 83
192 169
483 791
573 887
744 726
777 565
884 262
301 159
249 61
701 716
316 509
846 265
252 177
921 711
60 283
714 823
193 104
460 483
646 729
166 339
641 715
654 222
118 691
339 536
544 123
57 204
511 204
332 697
305 599
780 556
168 554
608 88
608 626
474 614
372 516
398 521
802 91
505 88
22 980
888 987
843 120
500 619
798 76
661 277
260 959
618 474
461 350
898 271
291 276
769 710
883 309
349 707
168 760
880 635
576 291
361 2
280 786
110 435
534 148
1 897
819 933
907 891
121 195
546 122
702 647
603 81
298 623
458 657
40 801
258 971
164 452
21 253
3 15
475 898
805 42
388 480
262 566
793 687
941 537
778 147
244 314
130 757
164 587
896 148
829 911
3 575
977 511
954 778
350 583
185 199
999 94
123 266
341 297
585 714
520 493
193 122
275 878
320 100
595 61
461 3
62 853
192 26
200 91
959 442
753 997
270 155
995 906
168 84
122 444
844 375
546 38
327 324
245 581
675 303
248 194
730 773
193 895
459 702
982 339
783 292
879 753
335 789
371 780
181 340
306 565
913 130
92 226
388 492
532 260
795 756
725 408
360 784
625 689
951 65
473 833
600 535
474 947
437 32
562 781
939 717
723 361
313 989
742 894
666 968
665 574
538 588
874 263
132 695
963 635
925 563
219 38
861 297
24 641
582 836
912 808
680 381
219 381
500 930
209 208
129 60
169 758
276 14
778 576
687 237
504 232
825 17
860 940
373 966
581 906
490 804
577 189
693 974
481 266
72 974
33 837
412 195
363 831
482 489
370 71
829 651
661 608
860 111
165 936
590 453
249 496
935 376
420 424
738 601
705 572
820 493
809 205
697 968
729 463
559 285
105 986
627 820
389 912
995 385
492 284
480 167
334 947
316 81
919 369
146 670
805 470
470 622
423 974
217 957
986 758
825 85
230 37
487 697
874 66
784 823
448 36
512 442
779 555
355 459
63 328
549 471
357 738
945 941
980 429
830 954
582 595
564 781
942 59
60 1000
605 863
601 4
932 508
5 210
651 739
548 931
313 427
366 842
826 796
705 393
614 910
281 957
716 605
93 421
6 537
854 732
122 563
136 23
54 493
194 542
393 137
876 313
722 40
179 920
374 733
121 713
435 979
979 62
795 882
829 735
49 451
940 575
83 203
582 420
390 744
858 139
321 117
784 728
224 2
784 529
867 669
871 42
867 479
594 143
2 113
40 559
825 695
705 489
628 97
410 29
673 801
465 630
386 494
865 982
173 485
160 693
367 90
40 624
140 583
153 29
976 119
688 611
873 339
762 523
287 18
790 699
850 547
470 23
139 136
788 110
470 853
684 459
479 238
458 995
117 646
724 757
25 877
916 309
118 536
571 236
109 657
148 787
296 146
696 181
51 714
406 364
825 174
754 235
659 730
982 800
236 487
352 277
592 538
708 361
935 80
692 31
361 496
121 823
15 61
953 693
396 274
924 945
946 995
932 648
683 868
869 648
308 529
740 913
441 547
543 1
32 175
742 403
2 935
994 986
191 500
567 575
520 780
777 807
816 828
694 253
118 125
297 335
115 246
165 256
487 431
848 755
715 934
108 673
500 813
935 895
123 39
554 897
17 530
981 976
14 341
685 888
307 497
231 688
682 70
717 461
178 337
748 943
13 713
241 908
361 1
381 622
241 796
74 137
134 619
985 894
243 635
741 590
533 39
540 96
191 383
869 948
633 455
295 860
99 492
815 441
187 689
965 706
521 893
854 921
211 705
257 482
8 888
178 190
647 653
509 511
31 166
521 271
838 848
727 661
965 666
140 40
94 148
670 687
886 648
814 727
22 90
967 23
599 974
438 342
814 964
377 480
913 805
706 56
805 77
410 622
742 97
378 542
202 327
361 677
546 865
197 389
498 502
205 792
165 406
620 383
909 407
608 467
46 74
752 214
376 198
683 609
472 183
202 691
205 267
46 930
527 745
282 18
561 184
620 582
463 930
185 462
926 308
371 119
498 997
892 956
370 313
555 753
569 538
526 286
285 902
263 450
942 555
254 631
514 571
113 72
943 248
682 943
636 903
400 245
957 929
78 617
111 500
201 178
879 741
467 483
188 539
21 542
226 901
955 567
519 280
682 301
21 90
197 282
324 926
366 741
226 81
539 458
483 217
865 820
762 987
510 672
68 693
494 706
550 57
960 129
968 693
448 215
201 677
859 839
155 118
955 679
652 959
612 944
776 373
668 52
264 560
293 404
74 432
245 468
358 718
796 513
529 492
458 435
636 968
466 501
877 235
45 759
902 702
310 397
116 803
566 588
370 922
769 43
12 717
618 653
290 641
561 915
988 772
66 680
430 702
585 560
150 405
482 96
183 711
249 990
417 734
466 766
421 207
502 221
928 999
546 59
450 579
336 481
66 393
590 26
368 688
640 568
143 479
741 584
980 134
279 88
482 22
669 692
46 841
514 164
842 994
792 589
422 529
992 846
862 929
258 548
992 363
928 124
340 544
283 566
485 525
561 6
766 758
61 598
172 130
113 651
587 352
691 696
534 506
78 813
889 23
389 552
768 88
97 246
689 301
965 45
427 857
646 229
184 113
662 689
453 52
168 579
117 260
274 306
903 691
6 420
72 843
461 318
1 664
964 607
922 841
82 629
344 578
908 49
177 828
796 611
252 382
874 95
540 225
532 449
44 890
664 200
538 129
101 563
807 660
421 918
372 136
3 271
447 25
870 456
62 596
713 20
515 485
549 864
737 216
432 535
854 361
72 553
785 109
592 345
880 940
701 426
946 980
125 447
633 483
873 38
746 883
470 859
919 281
595 788
905 312
108 282
435 390
40 316
149 60
721 81
979 168
79 178
739 18
581 65
874 386
47 425
449 276
243 524
603 405
609 555
914 515
955 928
801 535
932 894
429 748
456 436
123 985
930 226
898 339
579 995
55 344
544 271
411 898
127 641
618 644
81 369
245 91
815 72
842 812
523 732
107 991
357 142
375 17
738 221
486 922
746 934
360 13
992 118
771 622
510 685
18 333
235 633
176 699
368 451
843 792
936 870
322 756
567 710
991 481
732 512
576 199
859 778
138 997
248 173
522 880
759 434
80 919
997 451
847 905
294 278
77 315
93 176
600 629
756 472
447 471
824 244
179 910
269 755
552 149
287 93
431 610
109 997
386 803
888 826
426 892
557 15
287 485
632 191
144 477
730 510
547 181
297 551
48 766
725 889
30 730
238 687
260 804
425 324
216 47
819 607
215 533
412 674
463 954
420 425
420 886
483 495
816 688
283 701
237 329
557 188
232 393
115 891
751 108
156 571
525 270
253 397
104 786
324 444
195 277
74 174
846 560
636 323
883 22
453 112
228 200
193 44
283 581
355 296
73 60
703 963
807 935
912 731
491 887
141 241
346 661
519 960
959 770
993 921
447 710
556 645
253 591
798 983
920 802
615 998
699 223
253 737
381 335
129 784
169 799
183 733
276 450
353 664
734 963
327 225
8 499
130 236
478 179
928 647
448 169
624 165
484 194
139 52
166 140
174 724
250 978
894 67
122 697
775 251
560 209
925 892
739 815
179 270
647 544
781 730
751 584
334 756
200 17
93 314
367 830
555 377
562 791
93 401
279 605
357 630
297 840
691 902
516 877
925 582
175 277
287 991
504 44
58 969
153 508
65 844
591 592
22 927
789 419
369 223
62 496
31 133
875 567
542 245
579 602
354 694
30 73
169 788
978 694
503 843
481 71
312 712
877 661
971 260
72 427
773 571
766 369
826 494
479 234
387 539
651 169
702 850
912 221
11 783
812 736
614 372
964 296
373 100
545 669
219 607
488 747
442 691
726 283
568 974
136 663
767 961
224 429
128 117
470 401
270 628
796 498
967 910
802 655
775 390
971 574
549 834
2 443
734 898
103 995
807 175
905 188
29 923
359 397
207 49
552 668
323 45
141 799
703 767
681 950
487 654
179 837
188 608
981 791
432 668
718 727
825 397
868 539
100 565
276 102
847 490
535 294
590 747
281 482
484 249
80 618
934 246
134 442
529 172
122 462
843 846
957 521
436 983
841 266
441 811
546 131
191 894
972 111
911 478
429 457
404 328
970 441
642 778
947 567
357 686
737 918
461 225
32 725
722 477
211 912
467 876
574 51
507 707
914 412
515 589
561 936
661 421
729 945
501 756
580 582
779 81
306 562
40 463
40 505
731 653
116 37
513 190
613 609
243 327
84 155
937 824
673 460
827 853
141 854
212 879
192 180
142 770
645 714
484 65
933 890
258 704
64 316
274 695
616 277
941 121
728 689
668 901
348 630
201 910
748 76
320 884
785 422
465 448
523 263
276 858
89 605
627 179
447 818
863 176
745 179
866 731
645 188
851 644
691 499
996 6
359 197
318 930
718 318
256 234
116 613
639 371
364 975
266 298
793 728
393 636
226 485
651 976
128 338
822 241
526 794
835 905
570 425
117 95
491 255
128 34
87 995
209 930
560 207
135 503
611 291
124 453
623 316
99 236
948 15
415 754
40 59
250 831
165 149
835 770
42 799
751 386
6 339
345 50
811 274
61 439
918 334
575 705
929 614
378 719
879 236
215 752
997 990
322 805
401 407
325 861
365 73
905 447
646 382
928 33
383 844
890 228
785 520
650 943
484 758
224 123
105 904
754 127
828 428
446 247
313 345
431 65
455 260
735 844
247 874
323 92
907 127
11 880
595 418
163 440
642 873
831 903
180 322
866 746
483 473
850 793
875 745
649 791
218 261
666 843
663 38
317 975
19 846
817 498
408 580
101 929
15 953
645 435
891 407
489 111
782 377
815 743
830 625
295 149
591 137
714 322
412 292
841 795
703 125
915 386
526 184
688 742
649 771
772 900
783 228
433 733
940 185
977 997
604 858
422 104
427 794
748 793
335 358
915 808
117 21
916 997
595 329
261 661
289 639
974 616
523 577
264 534
548 829
523 354
902 673
879 66
617 460
475 369
608 950
982 8
402 63
229 947
178 852
12 175
439 746
658 148
560 806
905 710
619 305
606 508
967 579
240 866
392 895
826 43
170 864
240 82
12 730
473 884
601 83
991 585
805 432
640 759
400 358
683 469
684 224
230 255
803 476
740 338
386 395
588 605
500 301
41 465
365 423
492 184
678 367
304 204
648 848
987 933
561 742
620 65
430 882
134 807
854 867
981 897
807 413
569 978
466 741
174 753
7 421
708 103
676 322
854 95
554 584
928 453
298 882
216 558
652 859
283 187
895 607
153 152
622 404
950 90
154 236
823 974
678 597
498 647
348 622
289 29
220 556
906 814
283 116
347 824
311 625
109 413
288 15
79 256
460 741
757 531
971 965
878 365
682 678
592 377
630 468
176 814
355 346
182 379
105 690
447 544
295 269
401 577
189 939
602 273
692 544
448 19
110 800
193 781
562 129
845 228
287 832
943 146
305 730
494 660
40 76
267 835
586 879
653 606
528 215
190 819
662 914
924 55
821 375
674 483
560 395
185 704
707 314
961 996
704 972
593 245
905 9
578 383
420 923
510 886
254 1000
985 128
922 88
594 427
482 941
207 993
278 956
546 334
775 802
544 854
436 208
827 589
710 541
112 762
525 398
144 229
597 297
110 958
775 174
813 730
572 455
985 457
622 913
331 858
163 471
607 547
214 768
253 816
651 928
944 847
204 516
541 349
578 422
55 697
469 292
935 987
865 547
781 114
429 281
709 411
52 106
98 815
14 336
272 643
50 439
130 851
366 326
353 118
293 64
355 558
294 74
491 346
323 829
59 435
24 414
168 692
991 560
326 1000
902 795
784 263
101 912
564 186
615 321
301 779
976 67
23 145
526 186
635 88
263 995
389 417
948 830
7 282
77 988
661 464
787 449
780 444
938 640
793 789
271 62
851 535
472 162
673 772
33 943
763 407
49 240
539 522
531 486
596 326
309 263
594 600
354 90
999 364
376 803
673 697
270 315
858 703
930 565
37 524
543 896
617 911
197 525
42 893
479 893
971 604
511 741
576 557
155 871
814 761
835 524
21 507
63 794
296 375
485 209
921 148
982 210
498 646
592 966
720 275
6 42
802 483
455 756
422 359
450 769
892 650
949 533
985 830
868 954
829 694
639 868
277 484
165 677
604 932
209 984
606 189
329 303
671 217
158 849
872 79
614 966
193 910
29 362
517 238
616 636
738 884
52 664
372 282
939 716
217 544
493 109
358 219
584 253
150 683
556 773
81 576
633 511
31 508
609 504
64 390
984 184
934 140
558 240
789 203
777 830
473 844
611 995
95 216
568 84
976 511
643 987
903 925
751 226
283 836
778 677
466 730
880 267
207 751
591 775
33 408
227 701
921 16
316 197
819 501
501 407
64 34
292 371
170 894
663 324
632 288
288 896
833 832
673 805
430 838
711 365
718 707
305 478
43 835
963 269
284 409
672 381
398 990
999 729
279 957
557 992
62 944
759 977
361 494
972 964
568 432
104 85
682 829
92 629
707 366
966 967
210 174
52 589
376 276
293 350
893 421
580 869
179 816
551 447
762 813
416 602
752 449
153 634
370 452
12 975
231 571
203 68
164 557
462 689
589 138
751 654
997 224
630 692
742 841
895 541
746 779
846 392
896 118
316 255
958 246
248 97
290 321
725 632
541 355
322 60
177 819
585 266
682 646
990 717
667 854
873 11
549 538
543 98
71 148
957 368
888 455
737 170
844 239
95 146
46 640
611 26
532 388
838 315
118 778
207 237
423 293
184 885
180 311
85 786
67 559
534 408
94 376
564 450
823 266
647 799
217 748
853 767
735 196
640 520
26 490
776 145
398 243
742 990
720 69
640 21
179 149
938 810
864 213
203 506
456 377
1 725
434 905
811 359
866 565
887 889
521 71
59 147
724 994
534 801
172 868
585 754
551 557
305 219
440 946
804 886
186 397
420 714
634 954
315 652
228 752
763 832
759 777
391 99
901 26
363 50
52 223
294 137
310 689
510 878
197 472
14 638
246 657
467 83
912 924
162 176
342 877
887 193
929 865
50 693
509 211
302 223
86 888
761 433
704 733
320 895
576 853
473 230
895 325
326 133
59 646
78 187
882 689
240 680
879 719
211 53
524 228
52 42
245 7
627 766
842 393
594 479
29 508
609 533
889 329
783 31
929 821
670 168
431 379
546 374
641 88
630 482
723 895
975 842
610 420
118 914
778 303
781 278
957 643
595 937
742 250
736 528
162 567
317 330
47 789
66 862
446 856
438 205
398 644
274 488
954 976
879 727
399 649
962 358
38 285
567 213
766 610
95 628
348 259
963 583
733 638
34 180
679 173
688 873
394 754
101 310
667 167
399 746
132 319
823 898
3 414
898 600
90 226
650 545
207 249
119 762
582 527
519 147
873 946
536 449
709 765
415 651
501 925
971 795
39 1
522 986
960 756
603 559
37 645
86 477
981 393
447 976
685 535
920 787
485 944
348 835
773 549
195 44
8 215
782 292
261 991
612 468
141 673
72 868
116 313
140 222
281 280
49 792
32 860
900 639
454 28
906 727
727 246
934 628
428 244
707 398
446 165
333 377
134 358
514 203
674 933
483 723
130 715
233 498
856 806
229 117
26 987
970 48
720 903
461 784
810 189
894 154
863 344
514 928
786 368
87 270
341 616
301 621
730 497
269 259
531 83
518 613
768 339
497 603
957 887
778 483
65 215
566 272
503 871
261 16
812 61
208 825
621 662
842 627
713 869
411 527
58 516
865 447
645 268
945 452
191 124
553 263
807 481
830 548
602 486
889 633
147 819
318 274
412 542
465 622
237 62
538 813
150 637
526 867
657 77
180 138
834 924
379 636
667 121
154 162
835 654
539 54
685 380
422 809
399 157
901 887
135 694
930 772
946 585
541 585
305 91
880 595
872 607
22 40
280 596
831 475
654 204
993 548
839 273
615 967
986 814
471 692
210 490
252 707
174 191
487 649
219 420
329 48
379 741
551 810
293 814
879 989
502 158
425 867
164 986
352 90
701 687
128 885
840 102
987 232
598 954
163 342
577 563
730 642
68 744
271 454
4 978
564 300
854 51
4 144
104 594
629 721
245 249
671 789
832 298
417 804
886 578
262 522
522 64
380 429
848 362
351 676
499 742
940 640
238 824
688 140
794 228
971 787
504 475
989 785
144 464
600 267
355 540
914 481
313 154
388 957
635 997
319 309
801 96
493 773
132 404
511 736
239 595
57 780
871 678
811 371
465 737
700 850
745 777
192 918
510 689
915 887
91 101
888 732
313 660
517 825
131 7
651 489
21 72
484 767
997 365
647 134
286 849
225 730
546 628
69 100
503 615
471 115
908 209
414 180
958 994
651 713
928 568
753 707
286 311
919 167
678 821
27 422
215 180
213 569
482 664
20 265
256 338
35 324
537 341
466 560
33 427
353 755
307 77
8 613
997 640
957 844
898 208
654 9
720 73
685 248
73 562
320 573
700 429
515 138
134 481
454 947
100 755
779 636
621 848
97 860
891 671
685 292
928 939
404 74
246 857
927 503
520 259
552 126
425 433
773 313
341 734
341 456
448 981
583 602
159 416
721 77
839 660
162 296
866 752
935 713
681 846
974 438
729 672
758 338
407 966
12 870
870 168
926 770
890 851
777 705
985 103
4 869
950 531
296 407
507 997
653 68
583 484
663 242
944 244
187 248
696 36
874 868
971 484
934 275
605 282
475 567
523 948
629 37
652 28
203 526
621 71
887 75
242 641
91 834
447 982
598 500
200 284
703 876
696 833
315 313
724 216
590 406
548 616
735 668
693 587
980 306
206 451
839 633
901 819
867 392
543 222
843 488
553 692
796 444
471 756
888 288
327 231
495 171
312 770
987 851
757 564
855 537
634 422
789 726
863 794
913 124
930 916
983 967
757 666
576 208
332 414
301 583
217 371
94 651
975 336
796 67
641 804
868 997
714 338
560 336
354 13
616 838
881 819
377 19
439 835
871 196
557 316
333 92
855 707
226 670
935 999
785 757
187 617
49 869
16 779
390 175
508 473
75 807
497 120
172 406
862 854
655 962
481 888
399 541
832 691
177 173
737 421
843 94
540 255
840 471
587 7
303 362
269 449
819 367
638 990
174 460
862 74
497 847
763 706
68 596
191 424
103 702
170 821
102 44
199 15
726 1000
335 469
552 859
909 309
408 830
774 21
323 653
452 261
480 990
404 888
593 782
575 683
294 611
862 707
143 395
589 398
588 17
826 318
728 875
70 15
188 688
568 654
480 13
182 887
249 457
136 51
704 367
473 807
525 364
328 882
129 891
488 624
836 84
461 177
405 324
866 892
382 563
20 472
651 399
293 618
754 557
118 944
737 835
382 967
427 957
127 380
455 608
146 539
286 183
178 999
370 757
960 640
58 209
559 214
235 589
272 826
745 809
528 15
878 807
667 619
170 403
7 145
688 516
740 638
887 383
896 743
731 570
742 405
84 505
761 804
489 538
806 879
264 705
249 535
701 820
730 675
777 77
885 922
817 613
952 214
684 621
759 805
508 270
380 228
478 381
296 858
278 503
488 184
446 739
44 954
472 192
332 911
172 160
641 212
443 691
961 949
855 178
646 159
549 364
597 452
196 449
282 675
135 756
941 755
471 49
942 9
411 84
842 205
540 158
803 967
582 767
317 263
420 552
276 29
676 678
102 580
979 238
359 90
297 522
325 698
198 930
787 725
354 914
995 547
386 572
391 326
967 739
602 795
80 394
407 627
111 217
565 257
591 812
693 294
139 991
205 519
147 116
323 251
22 119
499 799
785 702
395 583
695 719
558 794
978 192
701 834
803 436
886 625
606 776
835 881
772 424
997 307
496 603
266 603
813 380
35 129
210 151
988 455
933 998
546 883
2 357
920 956
807 674
981 896
127 92
8 779
576 254
405 412
664 137
771 363
910 47
828 593
653 67
334 694
837 76
784 65
635 195
529 325
701 864
711 950
37 193
362 832
107 583
880 526
284 271
101 603
504 368
496 42
467 285
146 20
441 299
33 466
198 223
317 337
980 393
114 744
146 217
394 103
762 350
544 66
533 207
645 443
478 593
358 769
274 173
910 374
953 945
452 559
448 325
299 92
698 515
880 164
157 77
287 180
919 68
416 499
478 69
230 997
909 871
214 877
263 824
416 5
229 659
569 51
355 252
501 547
212 131
508 404
856 967
145 131
453 392
238 800
634 992
15 394
393 966
238 257
369 244
787 51
563 669
491 504
700 968
136 236
82 838
441 520
160 484
771 977
613 123
886 483
983 825
254 224
987 747
427 933
608 600
541 158
294 161
281 928
17 431
986 264
124 317
739 248
296 540
432 899
23 942
285 130
679 798
126 588
374 300
701 849
914 863
632 204
141 298
82 962
922 517
932 482
198 872
733 725
497 138
813 805
253 788
219 912
505 671
394 380
769 520
927 125
610 611
207 214
226 401
691 943
257 914
468 638
316 668
790 161
389 646
752 787
606 372
959 21
847 657
830 24
543 775
35 419
205 584
516 438
217 514
223 409
45 554
771 81
145 875
681 982
713 279
779 120
286 410
79 202
346 744
54 710
876 679
717 90
776 813
258 541
171 532
217 374
1000 335
868 784
599 782
845 820
701 288
120 256
409 173
793 476
841 89
614 982
68 726
135 327
942 698
868 454
966 861
189 48
861 899
881 415
440 97
936 468
561 819
199 552
740 323
317 662
774 190
994 911
871 593
215 653
456 122
487 299
564 306
392 946
568 644
257 121
537 29
662 827
659 874
698 647
471 323
140 410
286 655
691 657
418 71
820 366
14 197
251 460
101 959
106 200
579 323
572 533
343 8
796 161
157 681
159 872
555 747
126 659
580 637
132 293
450 498
990 356
543 926
697 816
565 745
958 785
303 258
200 642
825 806
630 806
609 793
131 32
697 284
859 918
703 176
960 727
922 125
410 27
210 741
985 84
883 987
547 269
552 235
985 566
404 700
521 617
144 69
591 800
975 794
943 979
175 936
647 120
310 454
58 103
50 305
150 13
561 385
380 130
261 897
867 948
719 520
146 331
843 66
162 617
598 640
253 191
831 274
149 602
422 460
853 99
469 225
153 233
638 816
875 169
306 649
765 72
722 387
337 468
135 448
37 1
331 638
253 333
258 782
504 838
198 254
209 6
12 853
70 737
912 314
824 194
772 225
748 724
83 915
126 924
434 281
542 940
568 168
544 170
223 668
208 651
903 852
471 789
924 238
26 718
56 901
968 733
643 494
53 688
635 61
691 390
939 215
38 105
348 619
977 95
95 161
107 716
819 252
685 110
753 228
621 104
536 682
762 850
453 919
275 293
281 155
501 859
526 737
299 871
832 761
792 119
280 37
321 2
451 443
45 340
482 294
756 545
921 949
402 738
544 76
756 667
265 634
680 551
920 627
616 20
245 736
502 617
545 6
245 506
75 333
971 829
910 585
745 316
236 614
604 166
88 499
693 857
49 835
903 829
411 485
330 822
766 477
692 376
124 956
708 913
854 989
68 976
745 55
224 365
428 732
938 491
339 627
872 739
266 970
793 274
891 304
226 336
347 942
309 701
765 168
88 486
226 703
587 966
337 665
427 218
176 328
352 18
12 246
525 909
950 705
792 564
203 924
309 868
834 825
414 122
807 900
597 457
672 973
161 69
597 312
967 533
851 746
325 695
644 936
611 875
928 167
158 914
428 739
417 867
323 538
258 594
534 38
130 57
378 304
485 860
501 683
490 513
179 41
936 615
236 990
596 18
646 556
465 724
861 448
71 928
759 457
392 317
376 915
75 192
663 477
488 424
342 539
696 324
649 908
584 937
897 493
19 561
249 942
260 489
507 985
164 835
201 71
38 841
151 13
617 91
299 764
72 541
324 654
138 288
826 647
271 12
223 496
657 199
660 242
393 876
839 125
889 916
135 805
614 514
874 712
634 686
192 289
515 563
886 812
818 473
846 481
18 819
98 667
85 653
861 993
35 432
568 118
188 638
702 414
861 211
898 174
136 205
194 717
536 784
858 766
533 120
715 792
172 291
578 170
56 603
113 725
268 959
398 135
302 183
889 812
768 27
787 132
792 292
865 306
457 385
834 475
663 883
651 278
737 860
141 525
508 949
159 380
549 964
72 510
647 93
615 635
682 198
957 411
300 936
217 889
700 553
264 878
157 265
867 102
769 935
428 836
15 864
802 319
558 184
950 171
647 1000
202 144
903 380
216 363
638 11
752 714
42 864
48 697
528 937
927 531
157 54
59 233
148 645
718 561
63 342
871 710
673 975
895 318
349 793
783 256
725 650
910 541
872 246
560 313
793 488
244 582
979 177
952 387
293 797
10 437
221 864
375 343
841 128
190 100
973 84
269 305
520 44
270 795
930 40
824 506
684 261
264 343
688 131
88 380
191 577
611 818
552 521
832 117
16 172
450 512
426 918
339 293
218 97
237 182
345 820
258 870
988 404
893 188
573 152
589 131
58 496
932 229
578 381
7 338
578 662
446 669
360 336
534 903
949 596
123 472
486 76
18 592
53 413
638 970
608 243
742 527
717 545
905 629
78 134
632 820
128 211
927 699
874 141
667 369
469 592
153 316
60 771
164 172
754 761
679 868
337 339
870 352
933 767
619 991
111 636
137 366
906 195
379 968
659 419
668 408
954 433
733 935
837 667
532 700
934 886
544 526
900 719
120 229
874 121
741 133
659 413
625 740
900 406
877 19
243 576
710 846
366 786
493 552
633 286
688 180
845 82
708 889
606 152
932 661
602 219
485 624
804 799
128 723
894 274
838 829
647 623
471 179
647 830
575 901
154 614
763 499
273 168
617 609
109 287
686 640
648 452
539 256
215 815
74 839
911 889
786 62
254 558
166 168
297 611
952 701
84 534
121 487
237 112
852 486
618 30
516 715
990 963
543 831
57 603
519 238
627 181
48 221
387 776
281 50
983 547
749 718
213 292
995 753
18 600
47 571
153 758
269 498
843 941
428 499
288 782
271 983
578 278
330 191
889 477
603 313
610 689
436 187
888 344
807 231
437 706
4 822
319 814
785 426
128 191
522 718
461 413
310 674
452 10
184 603
601 977
317 149
144 615
656 74
382 100
57 245
644 610
825 762
794 654
890 781
257 282
727 499
736 63
855 208
423 740
328 760
208 820
83 618
945 218
103 325
908 32
884 351
625 400
65 648
908 532
271 862
575 343
126 582
693 406
353 761
206 313
162 8
229 45
942 268
223 761
930 598
778 623
492 900
683 58
525 882
571 674
288 689
939 618
373 640
357 258
20 783
772 757
712 64
714 328
290 200
707 266
478 500
208 789
277 502
240 733
493 405
811 366
699 507
164 66
191 470
111 85
780 215
361 250
835 712
277 634
150 605
964 894
834 201
213 356
897 986
664 688
557 275
128 593
418 415
628 463
304 813
440 335
135 163
519 525
765 378
78 950
978 159
588 912
585 278
338 561
193 541
677 672
883 160
476 641
384 474
58 678
274 992
233 66
451 766
103 932
564 512
921 776
154 346
142 622
323 950
953 60
268 995
542 956
614 547
999 774
268 149
667 350
278 91
406 861
616 584
955 778
160 341
678 194
537 362
464 246
552 489
375 526
750 218
665 123
29 608
299 695
943 675
72 561
117 369
705 65
269 460
924 468
638 456
234 189
373 316
78 786
970 948
951 87
190 301
670 398
599 521
973 510
940 797
769 686
319 195
996 273
653 119
687 294
601 718
887 31
603 281
208 710
876 621
564 155
286 466
183 345
672 903
530 588
943 752
970 637
125 742
710 288
446 65
643 30
475 789
236 858
636 20
73 341
124 558
683 155
680 374
312 746
894 807
202 594
416 537
1 200
371 374
362 238
861 838
405 284
52 847
712 957
307 14
234 879
770 767
949 785
471 569
405 221
344 202
972 314
784 379
390 897
481 901
912 847
642 247
980 798
338 197
868 760
484 490
979 154
800 279
627 122
268 322
867 265
330 868
168 726
582 461
659 31
142 272
985 473
313 509
205 818
640 371
182 485
136 693
79 261
214 248
573 695
325 18
968 91
881 842
161 295
258 280
533 640
467 121
63 721
971 716
997 539
505 533
257 246
263 807
269 677
344 583
916 908
701 802
279 285
177 872
78 824
17 37
138 858
827 438
50 240
23 93
745 510
252 810
22 148
745 663
542 508
519 594
789 968
89 311
431 538
190 702
662 511
911 165
875 783
502 835
560 153
174 932
505 206
964 537
845 237
466 633
506 70
418 427
476 796
264 862
261 931
867 462
448 638
864 83
458 705
209 516
888 319
917 343
115 76
686 484
682 276
561 175
523 504
598 447
87 390
482 698
929 56
507 637
171 971
409 497
429 124
123 966
519 931
311 373
497 382
104 756
878 299
192 879
136 206
510 809
436 375
333 100
626 121
646 185
890 241
127 40
366 494
681 804
816 82
869 750
435 150
456 852
395 635
156 890
980 16
746 1000
755 764
773 645
307 606
359 670
304 161
632 807
494 40
642 381
981 145
607 548
124 492
952 188
590 906
442 779
761 909
578 589
53 486
490 325
255 164
156 869
209 432
943 778
449 923
318 821
618 456
560 809
3 118
704 349
424 114
961 396
729 29
366 41
575 37
401 287
542 963
311 473
439 615
423 510
361 546
127 948
824 312
624 408
915 652
287 549
571 240
970 74
877 151
730 374
274 825
700 872
13 549
339 984
217 627
700 90
15 372
518 582
653 898
668 414
150 716
606 328
439 111
316 567
206 1000
808 752
531 919
469 843
531 117
695 279
66 298
758 569
714 159
6 920
163 40
196 58
307 276
793 672
415 720
378 567
431 316
977 429
69 638
904 645
393 932
356 594
407 854
593 370
952 181
390 166
870 354
816 328
655 505
502 910
99 552
818 238
718 439
628 561
131 211
783 161
310 759
686 868
532 670
9 282
165 966
380 221
880 655
470 38
821 292
464 998
163 988
916 826
266 2
402 357
588 713
833 240
122 539
246 233
609 607
154 821
734 914
493 872
612 857
590 466
426 208
223 119
365 479
972 768
976 699
647 345
730 704
320 253
603 965
633 572
320 931
568 128
392 525
493 805
518 578
470 616
959 449
553 563
588 159
520 49
350 737
611 653
403 284
178 431
614 870
332 618
875 526
969 177
49 424
869 105
679 453
165 314
835 875
98 913
229 97
18 345
375 396
150 295
45 428
37 222
295 405
555 428
376 973
175 345
944 249
833 250
101 47
988 826
445 199
679 396
501 986
125 19
107 230
831 582
395 45
690 667
658 52
81 687
542 715
607 692
816 623
285 656
385 678
759 110
565 618
498 512
21 227
345 604
882 614
414 710
131 135
14 666
787 134
185 710
317 219
686 958
549 54
789 452
259 710
711 678
155 750
546 475
544 365
234 71
71 445
863 991
515 680
702 47
348 621
17 759
899 346
450 337
483 675
667 564
55 198
846 958
624 262
771 712
849 379
482 344
278 706
651 851
782 651
430 795
177 577
117 323
785 649
11 193
761 585
562 627
378 932
759 418
237 885
10 428
794 603
588 625
149 488
167 681
707 165
686 411
171 343
541 433
994 351
472 674
344 409
939 383
154 932
897 86
621 380
720 668
406 706
797 176
614 924
826 47
472 105
125 272
684 55
178 100
457 523
594 801
812 481
687 920
1 18
338 793
894 708
388 569
102 36
766 579
201 659
432 63
866 75
724 535
969 112
232 553
290 404
122 564
694 709
533 3
288 582
37 976
781 821
898 941
388 578
83 882
42 181
609 759
173 793
259 524
621 399
643 870
15 393
544 650
874 462
38 92
922 702
585 515
921 948
996 769
487 831
108 608
985 892
381 45
709 439
511 185
735 379
862 390
185 138
691 662
534 294
791 679
957 432
482 228
631 950
166 259
285 382
172 691
157 501
553 359
63 155
467 354
818 130
584 739
81 131
972 553
737 300
926 875
478 741
353 678
146 194
189 374
721 392
195 230
598 319
414 536
660 804
15 942
365 921
269 855
899 249
840 555
1 544
235 893
927 881
659 734
252 607
774 659
84 837
54 826
424 336
131 247
479 393
283 259
678 877
94 807
769 615
82 473
333 831
303 184
752 951
976 414
838 23
97 262
34 173
822 152
614 841
592 800
973 863
792 272
874 38
899 47
567 257
162 391
174 117
662 791
993 749
974 894
761 794
143 190
396 928
599 429
695 241
766 99
398 989
202 715
481 586
142 370
853 378
384 182
953 991
85 904
315 908
65 616
540 801
238 81
547 205
444 589
248 104
824 801
108 675
791 254
248 573
455 786
106 147
302 356
59 83
781 888
867 84
78 361
894 924
459 298
759 566
790 252
434 995
53 841
525 261
628 892
793 138
937 442
581 38
491 112
71 497
776 474
666 961
61 303
139 209
829 789
309 685
983 503
240 32
206 470
38 131
264 967
747 937
464 527
720 402
606 269
646 920
275 1000
839 23
778 889
299 387
946 872
440 75
451 788
338 85
381 121
331 16
770 533
358 546
879 529
830 287
142 699
398 876
854 400
552 765
943 638
959 809
157 834
273 877
71 698
279 355
105 71
327 840
605 509
964 301
302 736
829 888
680 678
501 886
885 351
794 803
236 375
610 302
620 645
182 701
449 614
97 844
182 192
405 736
725 991
551 759
986 840
422 821
318 982
690 899
877 756
539 926
695 415
284 691
426 160
483 417
53 126
98 984
773 219
888 612
198 752
184 387
79 21
311 606
380 44
235 1
583 182
650 10
580 146
587 129
847 522
915 465
913 547
138 898
303 907
964 197
50 736
943 912
808 851
301 989
636 441
471 498
842 922
290 958
665 531
675 74
80 215
197 253
301 198
731 926
991 269
103 147
829 834
516 167
587 601
551 374
789 622
405 416
671 376
368 809
593 17
308 471
223 281
96 174
527 994
948 664
490 309
615 389
543 846
88 666
391 254
916 811
686 186
960 606
387 786
434 699
797 841
589 804
85 730
15 95
269 847
841 466
192 949
434 829
382 552
666 369
225 795
422 472
362 578
19 650
581 978
131 836
376 988
809 726
320 260
984 344
344 990
720 725
496 65
343 762
603 619
622 568
564 791
523 510
72 271
397 446
739 938
126 45
229 769
348 227
466 389
281 688
270 353
138 99
925 619
621 303
444 655
279 991
837 154
8 453
502 332
994 471
187 285
193 582
701 518
958 941
566 787
3 143
329 26
983 850
227 345
40 224
35 969
897 997
481 733
784 698
305 610
285 408
412 672
581 169
838 711
738 652
577 880
296 980
384 648
327 79
290 658
194 800
691 247
721 987
118 359
77 240
622 628
104 911
126 387
875 222
420 13
532 287
748 930
980 177
464 931
498 613
26 532
702 242
139 330
924 562
327 946
798 371
572 493
718 860
922 180
888 134
832 908
690 518
419 210
210 632
781 555
647 679
743 732
731 346
75 589
882 920
176 114
21 567
373 297
784 175
408 426
260 429
422 606
850 338
674 33
265 525
626 59
841 283
844 337
694 598
382 169
260 908
976 328
18 206
432 765
724 553
837 846
819 567
456 777
628 388
896 936
909 444
417 656
816 888
974 3
617 847
858 510
141 211
598 769
811 968
765 318
961 635
43 752
256 306
434 49
964 877
987 187
412 752
378 453
249 327
901 709
791 888
794 49
968 910
901 726
838 306
524 472
640 806
236 282
378 634
236 388
444 703
145 775
115 736
134 465
837 921
451 996
337 932
918 403
778 431
246 486
162 574
311 721
250 219
191 816
907 573
114 272
545 116
24 366
106 388
433 15
430 516
63 6
319 656
605 755
344 101
735 426
947 487
147 485
383 731
106 221
992 65
126 23
972 262
377 570
995 132
245 966
872 509
419 693
133 847
562 525
637 504
955 378
379 454
155 100
44 606
322 675
910 164
6 785
702 429
971 451
471 755
956 253
340 235
121 993
254 629
281 309
633 827
755 257
990 842
487 600
387 274
354 230
739 669
749 395
840 956
388 523
741 415
858 419
990 260
804 644
832 375
474 941
474 2
159 683
831 558
210 391
725 470
91 529
993 519
438 942
230 903
583 5
269 435
8 179
875 439
278 693
542 316
368 119
769 817
40 770
198 349
469 48
411 235
507 162
710 2
117 792
766 459
567 503
992 223
41 348
922 367
128 482
134 385
28 660
356 956
118 615
729 353
628 55
521 620
564 145
133 293
440 964
1 780
652 512
853 777
447 283
376 959
281 861
199 812
591 149
405 143
116 777
130 897
89 611
4 487
976 545
962 945
405 97
579 202
571 605
304 254
590 732
245 783
701 422
412 946
784 705
401 90
881 246
774 624
934 830
572 757
401 694
268 775
729 318
860 720
416 753
71 737
253 26
5 301
378 76
201 755
895 158
476 303
996 774
197 63
461 776
422 167
190 231
284 915
216 777
304 8
359 183
916 554
623 384
49 464
773 369
309 214
992 204
422 108
537 830
832 545
907 201
624 175
698 928
218 16
361 464
383 836
225 46
536 753
76 161
588 199
661 255
531 47
838 140
374 740
509 682
781 777
235 529
406 373
92 340
587 668
409 842
259 28
274 771
274 140
685 971
38 21
46 328
889 628
645 146
688 3
922 943
638 673
16 868
809 801
429 908
557 240
885 956
75 488
370 233
584 148
515 475
65 53
693 667
298 421
334 955
169 273
539 127
623 284
462 149
54 220
974 827
642 409
911 264
122 176
222 271
392 478
983 91
149 574
494 385
67 88
219 724
1 953
30 130
63 121
221 972
885 648
199 746
63 704
547 657
411 645
719 876
229 132
939 241
946 319
993 365
385 743
89 130
47 207
801 604
436 66
648 525
641 693
726 320
181 686
415 675
858 118
846 595
834 328
569 759
974 924
775 809
981 253
243 228
656 705
411 116
2 123
887 817
98 754
156 24
397 25
209 291
617 406
76 770
691 114
307 941
106 813
230 214
530 762
316 581
624 155
51 273
265 719
703 720
924 354
967 21
322 618
978 170
668 208
981 306
892 579
848 984
33 978
482 652
711 397
49 342
996 962
439 74
723 450
587 588
39 832
23 351
93 772
379 917
211 391
260 717
52 951
938 734
496 631
605 243
127 727
670 211
352 582
947 710
972 351
480 19
1000 689
393 328
297 367
131 49
99 89
379 925
838 500
56 632
589 523
553 180
886 651
399 131
67 973
45 272
861 265
68 367
428 290
293 714
258 705
681 621
598 816
562 907
766 809
316 592
304 286
816 487
707 450
953 954
295 582
563 723
506 373
472 542
981 301
841 424
582 485
40 238
418 701
401 734
221 252
26 360
23 307
207 523
541 136
527 712
301 265
364 608
432 833
20 526
688 124
346 927
700 354
350 99
290 674
106 669
67 422
539 689
274 394
384 842
137 321
783 217
403 732
59 610
121 677
373 890
904 578
20 224
108 73
751 472
635 132
226 191
28 374
245 294
972 192
814 622
816 629
968 254
307 374
662 563
668 586
911 84
887 45
949 800
61 510
76 288
959 582
272 454
847 520
714 511
500 295
258 318
430 961
778 914
538 683
471 581
660 974
803 115
482 486
54 896
561 682
588 266
85 901
190 183
976 76
717 570
410 109
872 196
854 825
538 854
550 89
240 153
836 364
881 932
963 282
248 43
366 233
542 875
444 241
371 31
489 676
604 909
598 524
250 673
825 973
110 72
277 52
64 755
820 282
428 190
362 659
224 655
144 89
479 309
39 33
120 272
270 472
712 99
794 77
68 365
147 162
780 669
297 228
664 425
543 677
998 8
129 871
275 157
673 744
60 29
434 313
453 686
704 584
640 848
261 458
872 972
12 201
66 953
205 907
363 572
449 995
441 343
196 530
866 808
169 704
655 721
555 81
30 317
331 694
238 749
620 466
615 935
334 381
907 475
276 378
937 815
986 80
69 716
230 501
988 624
208 293
268 751
595 635
151 224
132 597
874 189
423 398
945 808
117 514
720 634
165 8
384 250
511 636
418 124
482 934
425 347
273 503
985 759
572 748
343 406
277 376
455 220
638 599
5 358
868 153
659 21
550 397
14 648
627 335
938 146
353 549
480 554
208 334
73 516
575 746
651 916
251 948
87 534
726 55
98 490
511 907
726 222
198 805
393 979
603 494
697 92
303 612
140 560
199 484
150 740
9 688
832 88
570 81
376 502
417 883
344 273
890 420
967 160
712 270
372 619
258 266
866 657
122 885
411 684
947 105
344 401
140 747
313 319
138 154
513 429
965 644
800 585
230 268
559 273
589 923
859 161
522 17
457 174
952 269
438 113
318 565
70 841
54 401
966 146
963 322
475 682
679 44
26 789
169 188
269 586
140 599
132 315
539 106
594 371
613 816
921 67
467 166
281 626
641 432
987 724
37 455
724 527
200 955
460 61
886 526
880 450
469 946
282 509
437 214
438 775
957 727
494 172
793 740
476 938
917 399
644 762
768 76
86 378
505 709
865 528
268 232
980 140
819 458
489 747
190 381
467 415
348 554
139 633
48 380
420 81
618 193
323 562
603 363
258 453
166 587
864 606
584 761
438 956
321 712
365 876
738 584
636 91
298 881
989 983
502 649
198 151
265 603
231 951
765 281
502 95
85 586
85 15
968 665
903 123
493 652
327 35
783 727
340 83
747 245
433 961
431 48
461 1
236 805
205 38
544 733
220 360
674 61
595 679
482 999
440 337
449 374
996 142
341 49
299 389
432 457
651 254
159 83
141 330
976 585
835 750
935 243
256 701
255 388
339 605
601 763
723 273
326 567
648 337
457 490
147 12
9 379
549 874
786 884
487 93
725 494
785 524
995 220
352 646
74 544
141 674
610 622
560 899
155 89
343 46
701 819
811 697
262 54
154 574
460 979
661 208
440 140
18 738
317 544
251 482
86 451
353 215
622 566
838 502
191 806
884 104
437 79
861 21
838 710
915 221
929 205
663 967
970 850
160 574
582 326
323 676
655 409
527 57
490 523
577 991
704 310
103 10
449 502
428 390
531 334
160 242
724 203
320 306
582 63
291 889
591 151
861 537
581 807
474 173
456 228
43 661
537 343
189 620
576 702
294 227
821 436
57 206
998 852
858 679
355 798
925 662
984 820
950 333
555 159
381 123
973 233
907 837
318 839
733 350
623 102
430 898
392 679
342 482
868 348
506 13
460 379
272 352
962 533
334 715
480 69
762 238
722 472
44 522
408 497
204 465
634 340
950 167
251 181
323 20
666 899
952 801
868 436
864 493
172 137
301 214
233 422
254 199
889 415
52 150
379 624
624 935
99 402
244 249
111 874
468 798
30 765
925 359
281 632
435 711
341 177
410 61
61 488
345 194
480 329
954 922
839 572
153 668
489 637
51 659
190 391
961 762
147 912
733 699
693 838
843 124
802 493
104 322
