10000 9999
5641 5640
2226 2225
5834 5833
4168 4167
2875 2874
3866 3867
2522 2521
5185 5184
1709 1708
842 843
3247 3248
9171 9170
418 417
34 35
9263 9262
534 535
8146 8145
2149 2150
1595 1594
3089 3088
4583 4584
2392 2391
6009 6010
7289 7288
5396 5395
4266 4267
6761 6760
4727 4728
4799 4798
5355 5356
1255 1254
3195 3194
7936 7937
4186 4185
5345 5346
9532 9531
1033 1034
5024 5025
7216 7217
1529 1530
2996 2997
9671 9672
8438 8437
7309 7310
8279 8280
4556 4555
6973 6972
5591 5592
3875 3876
3767 3766
5387 5386
4251 4252
9982 9983
1600 1599
6904 6903
4384 4383
9946 9947
9686 9687
8510 8511
2827 2826
2806 2807
2842 2843
6761 6762
5748 5749
5893 5894
2169 2168
902 901
8469 8470
7431 7432
3892 3893
7726 7725
5077 5078
362 363
7681 7680
4547 4546
4685 4686
2810 2809
6743 6742
6576 6575
6391 6390
1373 1372
8189 8188
2491 2490
1447 1448
7070 7069
253 254
4091 4092
1672 1671
6283 6284
6245 6244
9008 9009
54 53
3386 3387
3470 3471
1393 1392
5752 5753
3154 3153
1084 1083
1728 1727
7867 7866
1 2348
7802 7801
3336 3335
7680 7679
9936 9937
2319 2320
4244 4243
9586 9587
8827 8828
1240 1239
941 940
9053 9054
96 97
2703 1
7022 7021
6943 6942
4191 4190
1484 1483
7430 7431
2705 2706
7167 7168
6757 6756
4264 4263
4779 4778
1527 1528
3610 3609
3789 3788
3440 3441
2311 2310
2022 2021
439 440
4288 4289
3657 1
9379 9378
9089 9090
9590 9591
2014 2013
7884 7885
5995 5996
1364 1365
7368 7369
1699 1698
4848 4849
4985 4984
4242 4243
8548 8547
9428 9427
9211 9212
9870 9871
8070 8071
2702 2701
4459 4458
6907 6908
5302 5301
3217 3216
6013 6012
1827 1826
8822 8823
8072 8073
6582 6583
8366 8367
8182 8183
9667 9666
8681 8680
9671 9670
4070 4071
7999 7998
3468 3467
9585 9584
9625 9626
6702 6703
3436 3435
2934 2933
4840 4841
8789 8790
2080 2081
3597 3596
9192 9193
7701 7702
3380 3379
820 819
5265 5266
3388 3389
4179 4178
4708 4709
6019 6020
5415 5416
9331 9330
8476 8475
4656 4655
9784 9785
1198 1199
3810 3809
9979 9980
6652 6651
399 398
5007 5008
4339 4340
2850 2849
8863 8864
7704 7703
4729 4730
8804 8803
9153 9154
2951 2952
8785 8786
4142 4141
3412 3413
8578 8577
3726 3727
1079 1080
9612 9613
5181 5182
412 411
7710 7709
3245 3244
3795 3796
7640 7639
1167 1168
3745 3746
6387 6388
4417 4418
4737 4738
7312 7311
6783 6784
8840 8841
3702 3703
2766 2767
8298 8297
5424 5425
1396 1395
4602 4603
4100 4101
6441 6440
9600 9601
6234 6233
568 567
5628 5629
2169 2170
6996 6997
6320 6321
6150 6149
2543 2544
5828 5827
625 624
4363 4364
5772 5771
3125 3126
7157 7158
66 65
618 617
372 373
7463 7462
3322 3321
5144 5145
1965 1966
2561 2560
7577 7576
1953 1954
6972 6971
9227 9228
4672 4673
5281 5280
7191 7192
4289 4290
3540 3539
2043 2042
6816 6817
9952 9953
7163 7164
2023 2022
5132 5131
6483 6482
863 1
4859 4858
5662 5663
5829 5830
2679 2678
8719 8720
6638 6637
684 683
9660 9659
8545 8544
7094 7095
2298 2299
8709 8710
518 519
6860 6859
2439 2438
2025 2026
2917 2916
2811 2812
7285 7284
6171 6172
2119 2118
3001 3000
3680 3681
6223 6222
7880 7879
5228 5227
2542 2541
4519 4520
7742 7741
8961 8960
6104 6105
5699 5698
6960 6961
3465 3466
6668 6669
5767 5766
8552 8551
1930 1931
6336 6335
2138 2139
4528 4527
8075 8076
4094 4093
9997 9996
8239 8238
3702 3701
224 223
8576 8577
9757 9758
1945 1946
9391 9390
3111 3112
800 799
8916 8917
4560 4561
9664 9663
7940 7939
83 82
9991 9990
2228 2229
6097 6098
2405 2406
4855 4854
1108 1107
824 825
3309 3310
8422 8423
988 989
1441 1442
8723 8722
2167 2168
7049 7048
2833 2832
8516 8515
5088 5089
7411 7410
3342 3343
1 2777
7932 7933
2596 2595
1195 1194
6103 6104
9212 9213
9245 9244
9415 9414
9067 9068
4723 4724
4269 4270
2514 2515
8844 8845
3149 3148
4199 4198
387 388
7855 7856
2394 2395
7417 7416
8899 8898
8514 8513
197 198
2678 2677
9761 9762
7869 7870
3427 3426
33 34
1096 1097
2088 2087
7979 7980
8783 8782
1436 1437
7315 7316
9543 9542
2609 2610
9083 9082
2785 2784
1203 1204
4176 4177
7569 7570
5246 5247
4967 4966
7355 7356
9463 9464
8932 8933
8742 8741
3194 3193
9082 9081
5029 5028
9504 9505
5174 5175
372 371
8167 8168
310 311
7584 7583
4559 4560
5924 5925
407 406
9037 9036
7024 7023
3160 3159
3314 3315
6445 6446
4219 4220
7393 7394
4310 4309
7297 7298
2583 2582
9580 9581
2670 2671
7885 7886
3573 3572
1997 1996
609 608
6832 6831
7166 7165
811 812
8027 8028
7070 7071
6454 6455
735 736
4204 4203
5487 5488
3636 3635
6224 6225
8788 8787
867 868
2430 2431
8289 8290
957 958
1938 1939
8801 8800
1258 1259
7682 7681
7662 7663
1915 1914
2125 2124
2339 2338
7235 7234
9883 9882
3494 3495
7764 7765
3863 3864
595 596
572 573
2035 2036
7079 7078
2207 2206
4898 4897
5356 5357
5734 5735
7922 7923
9481 9482
7955 7956
3735 3734
8142 8141
7414 7413
3505 3506
7984 7985
1209 1210
7818 7819
6851 6852
993 992
4892 4893
5581 5582
5774 5775
3474 3475
4374 4375
2605 2606
195 196
7178 7177
4552 4551
8939 8938
5864 5863
2595 2594
4728 4729
4611 4610
3960 3959
1184 1183
1 1380
7104 7105
925 924
3420 3419
2015 2016
306 305
9986 9987
5638 5637
1329 1328
9056 9055
6102 6101
9853 9852
4413 4412
3488 3489
9602 9603
3675 3674
1115 1114
9539 9538
2992 2991
8324 8323
5079 5080
4796 4797
7205 7204
2743 2744
4110 4111
7246 7247
8563 8562
9164 9165
2588 2589
5913 5914
3812 3811
1109 1108
5102 5101
6451 6450
3067 3066
3592 3593
5583 5584
3329 3328
4725 4726
897 896
5145 5146
893 894
3538 3537
1825 1824
9832 9833
7289 7290
8316 8315
6693 6694
2324 2325
9541 9542
7335 7334
1 5888
8977 8978
8397 8396
1667 1666
5534 5535
3863 3862
834 835
695 694
3331 3332
4247 4246
6360 6359
4592 4591
1393 1394
9211 9210
7671 7670
7665 7666
1490 1491
1689 1690
4955 4956
784 783
8328 8327
6790 6791
1287 1286
2697 2698
8397 8398
8011 8010
1 7505
7104 7103
5330 5329
4177 4178
7477 7478
7157 7156
509 508
9889 9888
1539 1540
5376 5377
1863 1864
6699 6698
5444 5443
4511 4510
9496 9495
216 217
8106 8107
3341 3342
9827 9828
5171 5170
832 833
8461 8462
6927 6926
4051 4050
7290 7291
6598 6597
100 99
1853 1852
6611 6610
115 116
4812 4813
9206 9207
1494 1495
1484 1485
7356 7357
9465 9466
6931 6930
8180 8181
1845 1846
1967 1968
5477 5478
1971 1970
8790 8791
2742 2741
9004 9003
839 838
4305 4304
8439 8440
5779 5778
2451 2450
9341 9340
3531 3532
1231 1232
2206 2205
7363 7362
8922 8921
8948 8947
6917 6916
4229 4230
7204 7203
9679 9678
1013 1012
8392 8393
808 807
7545 7544
1065 1064
5944 5943
8026 8027
3369 3368
6189 6188
7631 7632
294 293
7682 7683
6342 6341
8204 8203
9649 9650
7904 7905
6033 6032
9300 9301
6552 6553
1678 1679
6753 6752
2275 2276
7856 7857
1525 1524
7402 7401
1697 1696
7524 7523
6316 6317
3143 3144
3444 3443
5961 5960
2547 2548
50 51
8535 8536
741 742
8365 8366
4395 4396
6851 6850
8851 8852
8894 8895
557 558
2725 2724
4970 4969
7572 7573
7466 7467
8776 8775
4121 4120
100 101
1607 1608
3358 3359
8548 8549
677 678
4619 4620
9365 9364
4391 4392
3999 4000
3821 3822
2126 2127
4465 4464
6970 6969
5538 5537
5117 5118
5159 5160
3859 3858
4645 4646
5937 5938
7162 7161
6705 6706
769 768
6561 6562
6235 6234
8039 8038
5561 5560
8293 8294
3670 3669
7932 7931
3961 3962
6134 6135
7503 7502
104 103
7341 7342
6080 6079
1547 1548
8931 8932
7877 1
4562 1
679 680
5435 5434
8724 8723
8244 8245
8260 8259
9977 9978
9670 9669
2036 2037
3650 3649
6008 6007
1110 1109
6576 6577
5738 5737
6707 6706
4263 4262
6947 6948
9724 9725
5780 5781
919 920
8826 8825
8492 8493
7528 7529
8526 8525
9013 9012
9678 9677
2880 2881
2199 2198
6215 6216
6658 6659
8149 8150
5523 5522
4480 4481
6683 6684
1275 1276
8844 8843
9621 9620
3968 3969
448 447
6902 6903
5293 5294
1702 1701
5906 5905
8267 8268
8958 8957
7913 7914
6259 6258
2277 2276
5853 5854
3142 3143
3045 3046
2354 2355
7027 7026
6820 6821
4172 4173
2142 2143
7152 7151
5612 5611
6812 6813
1015 1016
4056 4057
7434 7435
6669 6670
7058 7059
922 921
5013 5014
9511 9510
81 82
7693 7694
5881 5880
7438 7437
6274 6275
5156 5155
8195 8196
1244 1243
8663 8664
4794 4793
9617 9616
8854 8855
3874 3875
3897 3898
3557 3556
2282 2283
4497 4496
9001 9002
9042 9043
5961 5962
3290 3289
7256 7257
8584 8585
790 791
2336 2335
723 724
5668 5669
9939 9938
4836 4837
5315 5316
7139 7138
563 1
6599 6600
837 838
127 128
8628 8627
6906 6905
158 159
7848 7849
4977 4976
3689 3690
9458 9457
1884 1883
5680 5679
6308 6307
7407 7408
2259 2260
1 2213
7858 7859
9248 9249
5526 5527
3106 3107
218 219
2637 2638
8632 8631
5791 5790
2506 2507
4180 4179
6770 6771
6003 6004
1558 1559
4379 4378
6501 6500
1 3162
1349 1348
5078 5079
5431 5432
4499 4500
1467 1468
9162 9161
7976 7977
2397 2396
3615 3614
8105 8104
3079 3080
2626 2627
62 63
2269 2270
2062 2061
3026 3025
3157 3156
4893 4894
9384 9385
8954 8953
3181 3180
3031 3030
3182 3183
760 761
3013 3012
9812 9813
5115 5114
5714 5713
4681 4680
6368 6367
3926 3927
6549 6548
4272 4273
9218 9219
6956 6957
4993 4992
4617 4618
9847 9848
9708 9709
9299 9300
3227 3228
226 225
8869 8868
7439 7440
312 313
9234 9235
3176 3175
9956 9957
4577 4576
6784 6785
5106 5105
475 476
1552 1551
9916 9915
2509 2508
9033 9034
3098 3099
6598 6599
2732 2733
7992 7991
455 456
6956 6955
573 574
5446 5445
5307 5306
9047 9048
7084 7083
5263 5264
4542 4541
6887 6888
5613 5612
282 281
7141 7140
8152 8153
6093 6094
5922 5923
7871 7870
2140 2139
2052 2051
3402 3403
1704 1705
2295 2294
4133 4132
9005 9004
7811 7810
1719 1720
4098 4097
5270 5271
1890 1891
2259 2258
2382 2381
6374 6373
6467 6466
7754 7755
336 337
221 222
513 512
3681 3682
1046 1045
2973 2974
3733 3732
6128 6129
1149 1150
594 593
6594 6595
4940 4939
2580 2579
4766 4765
1 8648
173 174
3064 3063
5754 5755
9073 9072
4434 4435
3302 3303
1703 1702
1250 1251
8263 8264
7712 7711
8677 8676
4018 4019
4455 4456
9166 9167
7133 7134
1010 1009
6124 6123
420 421
5003 5004
6571 6572
2510 2511
9705 9706
7400 7399
1 1955
9335 9336
3730 3729
2751 2752
3968 3967
4700 4701
8121 8120
8450 8449
2154 2153
6553 6554
6374 6375
9727 9728
7986 7987
4047 4048
4521 4522
8714 8713
458 459
1876 1877
153 152
4937 4938
2333 2334
2366 2367
2984 2985
5758 5757
9854 9853
3018 3017
1376 1375
8491 8490
4518 4519
3190 3189
7228 7227
9470 9469
9401 9400
6175 6176
4442 4441
8501 8502
4119 4118
701 702
4742 4741
9332 9331
4578 4579
6058 6057
8427 8428
4023 4022
9751 9752
3267 3266
8381 8382
4323 4322
9582 9583
1916 1917
3721 3722
9475 9474
5225 5226
5563 5562
9178 9177
9915 9914
8428 8429
4719 4720
2652 2653
7433 7434
1361 1362
826 827
9334 9335
779 780
5331 5332
7017 7016
9303 9304
7352 7351
4605 4604
114 115
5974 5973
738 739
3930 3929
6833 6834
3192 3191
7522 7521
8093 8094
3065 3064
5727 5728
5253 5254
2047 2046
4090 4091
4988 4989
5250 5251
8407 8408
4479 4478
8899 8900
8841 8842
7707 7708
8788 8789
4255 4254
2689 2690
2792 2793
4066 4065
3446 3447
5339 5338
2828 2827
5534 5533
1843 1842
9389 9390
6018 6017
7990 7989
7511 7512
7974 7975
6989 6990
9517 9518
734 733
7635 7636
1400 1401
6827 6828
2855 2856
3454 3453
1344 1345
8231 8232
109 110
6197 6198
3280 3279
4062 4063
444 445
3101 3102
2649 2648
4579 4580
861 862
1911 1910
6329 6328
9890 9891
4169 4168
6322 6321
3348 3349
3544 3545
4412 4411
8240 8239
642 643
6049 6050
4919 4920
1 2147
8250 8251
9739 9738
7441 7440
1596 1595
9565 9564
9366 9365
7457 7458
6588 6587
8822 8821
5677 5676
7001 7002
9489 9488
5646 5645
8702 8703
3636 3637
3650 3651
5243 5242
3129 3130
9642 9643
5736 5735
9287 9286
2108 2109
1331 1330
7147 7146
1028 1029
3107 3108
3677 3676
2137 2138
5523 5524
8951 8952
2309 2310
4302 4303
1383 1384
355 356
6668 6667
860 859
6823 6824
8242 8243
8085 8084
4118 4117
9815 9814
2832 2831
6384 6383
5200 5199
4039 4040
1755 1754
3060 3061
9568 9567
2854 2853
8675 8674
4836 4835
6546 6545
4198 4197
4083 4084
7203 7202
2096 2097
6355 6356
7486 7487
5619 5618
9544 9543
8952 8953
2325 2326
7687 7688
1555 1556
9700 9701
8295 8296
9342 9341
5183 5184
4671 4672
3642 3641
8597 8598
8857 8856
1517 1516
266 265
392 393
1998 1997
5682 5683
2674 2675
2684 2683
1994 1993
3261 3260
2845 2846
1843 1844
8705 8704
8375 8374
9698 9699
8778 8777
1807 1806
757 758
4319 4318
6404 6405
3877 3878
5851 5852
7921 7920
5001 5002
3097 3096
9729 9728
6781 6780
2907 2908
8935 8934
287 288
2317 2318
191 190
2336 2337
7508 7507
8228 8227
7701 7700
8414 8415
2551 2552
2482 2481
4815 4814
6035 6036
2843 2844
3323 3324
9595 9596
5165 5166
3653 3654
2228 2227
9399 9398
4174 4175
408 409
5118 5119
6280 6281
9989 9990
1830 1831
7199 7200
77 76
3711 3712
1440 1441
5583 5582
9180 9179
7041 7040
4481 4482
3224 3223
5526 5525
7420 7419
1538 1537
3902 3901
2854 2855
9405 9404
3133 3132
8891 8892
5485 5484
4585 4584
8512 8511
6285 6286
2695 2696
4683 4684
5504 5505
9049 9050
2852 2853
4847 4846
3964 3963
5640 5639
2444 2443
8803 8802
321 320
4901 4902
2300 2299
1676 1677
6366 6367
4438 4439
6856 6857
4452 4453
2297 2298
1705 1706
8737 8736
577 576
4507 4506
681 680
3750 3751
853 852
3114 3115
582 581
4465 4466
6749 6750
5150 5151
1058 1057
8543 8542
4008 4009
6084 6083
565 566
6773 6774
7527 7528
1891 1892
1599 1598
8988 8987
9942 9941
5932 5933
7334 7333
6579 6578
6719 6718
5371 5372
423 422
5973 5972
2400 2399
6522 6521
2064 2065
3259 3258
6512 6511
8372 8373
744 743
9415 9416
630 631
308 309
803 802
8835 8834
6714 6713
2274 2275
5499 5500
8108 8109
4989 4990
1212 1213
4028 4029
4820 4821
4292 4291
7530 7529
4409 4408
3776 3775
580 581
651 650
5249 5250
2356 2357
2315 2316
9874 9875
2881 2882
1120 1119
7025 7024
9602 9601
9048 9049
3775 3774
6193 6192
9716 9717
3838 3839
2126 2125
7909 7910
2928 1
4227 4226
5536 5537
8538 8537
6943 6944
212 213
3973 3972
8611 8610
4320 4321
3683 3682
1145 1146
3774 3773
5993 5994
5835 5834
298 297
865 866
5516 5515
4070 4069
6116 6115
6681 6682
6765 6766
1647 1648
9745 9744
6023 6022
7775 7774
2565 2566
9183 9184
2910 2911
1901 1900
9557 9556
4937 4936
5186 5187
7483 7484
736 737
1982 1983
1767 1766
7637 7638
6540 6539
8627 8626
6131 6130
9319 9318
7799 7798
5632 5631
2710 2709
2842 2841
7448 7447
7874 7875
7149 7148
6524 6523
9626 9627
8738 8737
1602 1603
3978 3977
4896 4897
6187 6186
3621 3622
954 953
1023 1022
1085 1084
7100 7101
2030 2031
9720 9721
7499 7498
4588 4589
1407 1408
6232 6233
9326 9327
6399 6400
3770 3771
8126 8125
9017 9018
6340 6339
8808 8807
2243 2244
5378 5379
3361 3360
8459 8460
4671 4670
9634 9633
4636 4637
9491 9490
8498 8497
1859 1860
6309 6308
222 223
5124 5125
7585 7584
4616 4617
5030 5029
4296 4295
4578 4577
470 469
4276 4275
9160 9159
1215 1216
7849 7850
8508 8507
2133 2134
3165 3164
487 486
4133 4134
2414 2415
6340 6341
3562 3561
6835 6834
52 51
2692 2693
538 539
3831 3830
1801 1800
2660 2659
9628 9629
6715 6716
5688 5687
2555 2554
659 660
9863 9862
1470 1471
6537 6536
5627 5626
160 159
6949 6950
6029 6028
8297 8296
6663 6664
9752 9753
9828 9829
8379 8380
6053 6052
231 232
9196 9197
6564 6563
8235 8236
3329 3330
4002 4003
8727 8728
7902 7903
4693 4692
7899 7898
4138 4137
5243 5244
9720 9719
1018 1019
3520 3521
5167 5166
5849 5850
7944 7943
2720 2719
1563 1564
4971 4972
8044 8043
8043 8042
2665 2666
7888 7889
6115 6114
9022 9023
7248 7249
8861 8860
9495 9494
84 85
648 649
1581 1580
5611 5610
5006 5007
6998 6997
9791 9792
2946 2947
8096 8097
8905 8906
4185 4184
1487 1488
9133 9132
1443 1444
322 323
1397 1398
4758 4759
5347 5348
1710 1711
7851 7850
4271 4272
5392 5393
666 667
2871 2870
1520 1521
6435 6434
849 850
948 949
8434 8433
4534 4535
59 60
3097 3098
7376 7375
7460 7459
7933 7934
1946 1947
8594 8593
3728 3729
7247 7248
2235 2234
7188 7189
8768 8769
3155 3154
525 524
112 113
3047 3048
1101 1100
9015 9014
7131 7130
845 846
2540 2539
2531 2530
2256 2255
57 1
1119 1118
4071 4072
1316 1317
8045 8044
1002 1003
7084 7085
7176 7177
4957 4958
6397 6396
7905 7906
8169 8168
5428 5429
939 938
8865 8866
8755 8756
3306 3305
1776 1775
3761 3760
3033 3032
7384 7385
3659 3660
9857 9856
1185 1186
3837 3836
2186 2187
4365 4364
5282 5281
1000 999
3937 3936
4682 4683
4332 4331
7607 7606
4223 4224
1217 1216
9691 9690
7531 7530
5381 5382
8008 8009
1721 1720
1493 1492
4648 4649
8356 8355
873 872
4803 4802
8455 8454
9881 9880
3508 3509
179 178
8674 8673
8690 8689
5210 5211
648 647
8957 8956
3780 3779
3546 3545
2052 2053
5760 5761
3428 3427
5724 5723
2122 2121
3385 3386
157 158
5342 5343
5918 5919
5110 5109
5982 5981
2831 2830
1387 1386
8638 8637
8400 8399
3291 3292
870 871
6073 6074
7715 7716
1126 1125
7939 7938
8157 8158
6533 6534
6918 6917
3504 3505
1933 1934
1341 1340
816 815
7097 7098
8083 8084
1339 1340
6181 6180
8596 8597
8758 8757
5300 5299
3213 3214
2403 2402
2617 2618
7649 7650
4360 4359
269 268
6764 6763
8403 8404
546 545
9012 9011
5850 5851
7322 7323
1151 1150
3908 3907
1056 1057
2817 2816
6275 6276
2912 2911
3978 3979
3415 3416
4934 4933
6377 6378
2938 2939
2164 2163
2092 2091
7788 7787
4752 4753
8384 8383
2269 2268
8866 8867
6095 6096
8412 8413
1750 1749
8550 8551
6362 6363
7739 7740
4399 4400
1779 1778
4257 4258
9619 9620
4921 4922
4909 4908
1694 1695
1510 1509
6728 6729
2563 2564
2029 2030
2341 2340
2980 2981
9199 9200
6559 6560
3826 3825
2907 2906
2790 2791
7719 7720
2233 2232
6409 6408
1553 1552
3307 3306
7425 7424
9242 9241
1059 1060
8054 8055
9511 9512
7829 7830
3051 3052
3546 3547
8837 8836
2943 2942
4203 4202
9316 9317
7086 7085
639 638
7453 7454
1637 1638
8651 8652
4625 4626
8486 8487
3725 3724
813 814
1 12
2844 2845
9742 9741
6337 6336
8774 8775
1763 1762
2261 2260
9411 9410
7267 7266
437 438
9501 9500
8650 8651
8950 8949
4037 4036
2083 2082
1190 1189
2455 2456
3710 3711
6091 6090
359 360
4406 4407
2254 2253
8959 8960
296 295
7436 7437
1191 1190
7486 7485
7475 7474
5203 5204
3135 3136
1323 1322
7492 7491
4932 4933
204 205
9674 9675
3376 3375
6532 6533
3067 3068
3212 3213
1 3405
5809 5808
9025 9026
9892 9891
7436 7435
9116 9117
1596 1597
4774 4775
1219 1218
3074 3075
4796 4795
2526 2525
3884 3883
5988 5987
2955 2954
8264 8265
194 193
2292 2291
6296 6297
4716 4715
6251 6252
4944 4943
1032 1031
1077 1076
5195 5196
1439 1438
8828 8829
4808 4807
2436 2437
1062 1063
7078 7077
618 619
9252 9251
3378 3379
1240 1241
7768 7767
2357 2358
4387 4386
7877 7878
6659 6660
6968 6967
9964 9965
3207 3208
8298 8299
6408 6407
9694 9695
9498 9497
6983 6984
6109 6110
3157 3158
9518 9519
4102 4103
9958 9959
3762 3761
6519 6520
132 131
4844 4845
1809 1810
7627 7626
3831 3832
455 454
8284 8285
7102 7103
5149 5148
6570 6571
2058 2059
3498 3499
9441 9440
520 519
3211 3210
3759 3760
2329 2330
462 461
7935 7936
1751 1750
555 554
9931 9930
4695 4694
8923 8922
3698 3697
5596 5597
3263 3264
3268 3267
6665 6666
3026 3027
354 355
3807 3806
9447 9448
6649 6650
9408 9407
5042 5043
6636 6637
4031 4032
3006 3005
6528 6529
6912 6913
4656 4657
4218 4217
8474 8473
5170 5169
8553 8554
2727 2728
8989 8988
4607 4606
7474 7473
7853 7854
1680 1681
9216 9215
9809 9810
5320 5321
6510 6511
8283 8284
4240 4239
3798 3799
5538 5539
6494 6495
6923 6922
4861 4862
7917 7916
8384 8385
5816 5815
3409 3408
8902 8901
3939 3940
5875 5876
6044 6045
9315 9314
9667 9668
5600 5601
1615 1616
8622 8623
1869 1870
5572 5571
389 388
1 5255
6430 6429
3101 3100
9770 9769
8943 8942
7881 7880
7508 7509
7855 7854
2484 2483
4170 4169
7852 7853
5469 5468
1409 1410
9614 9613
2429 2430
72 73
9294 9295
6835 6836
2359 2358
242 243
787 786
7335 7336
31 32
8248 8249
1290 1291
9556 9555
8352 8351
7571 7570
9521 9520
717 718
1067 1066
3114 3113
9239 9240
3709 3710
9822 9823
8843 8842
5540 5541
9506 9507
5647 5646
1533 1532
8545 8546
3836 3835
8129 8128
8879 8880
3612 3611
2029 2028
611 610
1457 1458
2546 2547
4401 4402
8609 8610
5766 5765
7093 7094
5632 5633
4223 4222
2483 2482
3326 3325
4513 4514
1637 1636
4005 4006
3905 3906
9725 9726
1787 1786
9454 9453
3038 3037
4163 4162
7098 7099
385 386
3937 3938
3632 3633
3952 3951
9783 9782
1523 1524
247 246
2914 2913
7281 7280
6413 6412
8062 8061
7143 7142
7284 7283
5467 5468
9075 9074
2737 2736
2828 2829
5696 5695
2824 2823
4401 4400
1774 1773
9515 9516
958 959
2734 2733
1377 1376
6068 6069
2224 2223
1011 1010
3686 3685
7604 7605
7689 7688
2959 2960
2375 2376
7117 7116
1655 1
8410 8409
6057 6056
7814 7813
728 727
5008 5009
9994 9995
4343 4342
1 4007
7212 7213
3912 3913
8615 8616
7645 7646
3886 3885
9015 9016
6098 6099
1885 1886
7692 7693
9984 9985
1645 1646
8500 8501
7212 7211
8486 8485
8888 8887
4564 4563
1694 1693
2658 2659
3491 3492
1645 1644
9190 9189
7901 7902
3110 3111
3234 3233
2245 2246
6974 6975
4562 4563
9775 9774
2444 2445
1474 1473
7987 7988
6960 6959
1609 1610
9122 9123
4886 4885
6269 6268
2622 2623
6373 6372
6770 6769
1451 1452
4025 4024
7789 7788
1256 1255
4703 4702
6530 6529
1141 1140
8588 8587
5176 5177
705 706
7655 7656
7717 7718
3164 3163
8071 8072
3397 3396
1749 1748
2663 2664
8678 8679
3536 3537
7301 7300
9805 9806
9243 9244
5643 5644
1573 1572
7381 7382
8945 8944
778 779
7510 7509
5291 5290
553 552
5873 5872
7531 7532
333 334
5479 5478
1160 1159
729 728
2020 2019
1837 1838
4541 4540
6024 6025
3594 3593
2578 2577
9294 9293
9731 9730
4418 4419
7158 7159
879 880
5141 5140
2214 2215
7521 7520
3920 3921
7214 7213
2099 2100
3118 3119
6212 6213
291 290
1079 1078
663 664
2129 2130
3477 3476
1719 1718
2414 2413
3892 3891
5138 5139
8211 8212
768 767
5703 5702
4130 4131
2405 2404
4149 4148
3003 3004
1557 1556
3451 3452
7843 7844
8029 8030
9388 9387
8135 8134
6873 6874
2975 2974
3883 3882
9883 9884
3252 3251
4405 4404
219 220
4589 4590
2188 2189
8358 8359
979 978
6261 6260
6017 6016
847 848
4204 4205
2945 2944
7055 7054
4020 4021
6514 6515
4753 4754
7260 7261
8122 8121
8348 8349
8523 8522
1562 1563
7060 7059
3652 3651
2134 2135
2409 2408
5607 5606
5187 5188
1201 1200
8827 8826
1501 1500
8127 8126
7642 7643
2944 2943
3112 3113
7770 7771
2300 2301
3596 3595
965 966
5366 5367
6796 6797
4531 4530
5589 5588
2796 2795
5433 5432
1826 1825
2572 2571
997 998
5653 5654
7647 7646
9603 9604
8832 8833
7442 7441
3971 3972
1354 1355
2972 2973
2781 2780
8697 8696
4046 4045
2179 2180
3002 3003
3981 3982
7825 7824
1176 1175
6468 6469
9213 9214
118 117
5443 5442
2529 2528
5933 5934
8564 8563
2967 2966
9406 9407
8357 8356
7364 7365
5623 5622
3384 3383
3373 3372
925 926
8942 8941
3965 3964
4695 4696
8764 8765
175 174
3430 3429
4575 4576
9905 9904
5077 5076
2987 2988
2657 2658
2689 2688
4453 4454
9548 9547
2144 2145
2608 2607
4527 4526
5694 5695
1 7628
5496 5495
4286 4287
9704 9705
199 200
6310 6311
6167 6166
9914 9913
1315 1314
9795 9796
4339 4338
4553 4552
7559 7558
7266 7265
6734 6733
4206 4205
668 1
6825 6824
9284 9283
2074 2075
894 895
1586 1587
3433 3432
9279 9278
1029 1030
6016 6015
5861 5860
9594 9595
1558 1557
1433 1
5798 5797
1570 1569
3296 3297
9098 9097
523 524
7881 7882
4764 4763
8574 8575
342 343
8595 8594
2883 2884
9653 9654
9109 9108
2147 2148
7040 7039
8615 8614
8352 8353
4361 4362
5783 5782
7943 7942
3758 3759
6200 6201
765 766
8479 8480
3271 3272
8446 8447
7894 7893
1653 1654
3707 3708
8797 8796
2109 2110
9545 9546
152 151
3148 3147
2793 2794
9402 9401
9609 9608
7941 7940
7282 7283
9882 9881
2612 2611
8032 8033
7868 7869
4688 4689
1605 1604
8015 8016
3733 3734
1152 1151
5052 5053
3539 3538
8212 8213
7003 7002
5444 5445
120 121
4904 4905
2389 2388
1466 1467
7828 7827
3050 3051
1944 1943
1808 1807
9029 9028
8917 8918
2073 2074
20 21
1421 1420
8875 8874
1778 1777
1253 1254
5183 5182
7828 7829
6312 6311
9265 9264
7562 7563
2989 2990
4244 4245
5712 5713
2060 2061
5955 5954
2699 2698
4027 4026
29 28
1290 1289
9783 9784
8635 8636
5172 5171
9864 9865
6462 6461
1045 1044
521 522
2878 2877
3917 3916
3643 3644
7763 7764
6257 6258
6792 6791
495 494
8635 8634
3608 3609
5895 5896
3237 3238
7065 7064
4314 4313
801 802
5884 5885
1099 1098
1200 1199
8139 8138
9019 9020
4164 4165
3337 3338
5820 5819
2155 2156
5901 5900
2221 2220
8371 8370
8283 8282
8810 8809
8604 8603
1027 1026
2963 2964
963 964
8176 8175
178 177
2240 2241
4421 4420
3974 3975
6619 6620
1526 1525
7944 7945
4255 4256
6581 6580
8919 8918
1989 1988
2635 2634
6507 6506
8036 8037
8920 8921
4980 4979
3823 3822
2896 2897
544 543
8311 8310
9941 9940
8477 8476
1004 1005
478 479
6719 6720
2630 1
6550 6551
627 628
49 50
6877 6876
1363 1362
955 954
8533 8534
9726 9727
1663 1664
4752 4751
7072 7073
7643 7644
9687 9688
9060 9061
5022 5023
3395 3396
546 547
5647 5648
903 902
9484 9483
5358 5359
1 4853
4089 4088
8402 8401
7511 7510
7656 7657
1459 1460
2757 2758
9047 1
6205 6206
6982 6983
3673 3674
1350 1349
3304 3303
4664 4663
4674 4675
6508 6507
6382 6381
9980 9981
2848 2847
7712 7713
350 351
1 5997
9656 9657
9024 9023
1105 1104
1072 1073
1514 1513
5686 5685
5209 5210
9368 9369
1071 1072
7526 7527
9018 9019
3923 3922
2582 2581
2579 2578
4642 4641
1435 1434
8718 8717
592 591
7233 7234
5898 5899
6895 6896
1204 1205
7488 7487
325 326
1703 1704
4229 4228
1061 1062
2925 2926
2621 2620
8884 8883
7686 7687
6137 6138
5188 5189
9421 9420
3541 3540
2463 2462
3324 3325
5146 5147
4211 4210
4896 4895
6970 6971
3784 3785
9324 9325
5403 5402
4609 4610
4848 4847
3912 3911
501 502
5569 5570
7051 7050
1958 1959
7796 7795
9966 9967
3858 3857
4346 4345
1542 1543
1434 1433
4679 4680
3579 3578
9282 9283
6417 6418
4020 4019
8395 8394
103 102
2800 2801
9651 9652
5836 5837
8891 8890
4404 4403
810 811
6014 6013
6705 6704
7783 7782
4195 4196
7384 7383
3984 3983
2766 2765
5953 5952
3700 3699
1053 1054
6150 6151
1 9872
9064 9065
6449 6448
1714 1715
2976 2975
2302 2301
9253 9252
6190 6191
7329 7328
9940 9939
2408 2407
2366 2365
8141 8140
6114 6113
2448 2449
5084 5083
7453 7452
6045 6046
8070 8069
6711 6710
1193 1192
6988 6989
1796 1797
8464 8465
5704 5705
264 265
2723 2724
6230 6231
1920 1921
8100 8101
6845 6844
3844 3843
703 702
5274 5273
4424 4425
1454 1455
7976 7975
786 785
8185 8186
9921 9922
4941 4942
4194 4195
7407 7406
343 344
3777 3778
6344 6343
5226 5227
285 286
6215 6214
449 448
844 845
9277 9276
7990 7991
8252 8251
7556 7557
2803 2804
9484 9485
7883 7882
8940 8939
3639 3640
7746 7745
3042 3043
6789 6790
6938 6937
1681 1682
9562 9561
8417 8418
7684 7685
471 472
9339 9340
6822 6823
8147 8148
7578 7577
8992 8991
3039 3038
8015 8014
8885 8886
1 3005
6727 6726
712 711
4667 4668
5441 5442
4227 4228
4388 4387
4392 4393
1609 1608
2811 2810
3618 3619
7159 7160
2538 2539
1394 1395
8496 8497
8750 8749
1125 1124
9246 9245
4613 4614
3753 3754
1881 1882
6798 6799
8441 8440
3561 3560
549 548
4634 4635
7862 7861
2535 2536
2098 2099
665 666
2758 2759
6546 6547
5636 5637
8076 8077
1043 1044
5342 5341
6245 6246
526 525
1795 1796
1303 1304
3803 3802
292 293
5030 5031
1230 1231
4001 4002
8770 8771
7909 7908
5032 5033
2202 2201
366 365
9769 9768
6242 6241
6852 6853
1575 1574
5015 5016
5201 5202
6160 6159
2859 2858
3694 3693
9898 9899
9285 9284
3479 3480
1845 1844
7897 7898
1038 1039
682 681
2334 2335
3851 3850
3846 3847
3052 3053
5746 5745
4170 4171
9502 9501
2161 2160
4024 4023
700 699
138 139
3568 3567
2885 2884
1 6443
9270 9269
9346 9347
8244 8243
6607 6606
7906 7907
9431 9430
1098 1097
9032 9033
9345 9344
9071 9070
5428 5427
2754 2753
413 414
1746 1747
6351 6350
6257 6256
8530 8529
9637 9636
6843 6842
4332 4333
5843 5842
9921 9920
504 505
9428 9429
9250 9249
5142 5141
5807 5806
6051 6052
6287 6286
7875 7876
9989 9988
8078 8077
3021 3020
8130 8131
881 882
4116 4115
9419 9420
9083 9084
9022 9021
7915 7914
3687 3686
3028 3027
1405 1406
9850 9849
278 279
9306 9305
3604 3603
1635 1636
7589 7590
5553 5554
8037 8038
5552 5553
5848 5849
8207 8208
984 983
6568 6567
1765 1764
3696 3697
1449 1448
1412 1411
2961 2962
2407 2406
4217 4216
8416 8415
4501 4502
1321 1320
5959 5960
6799 6800
7721 7720
7021 7020
9862 9861
5062 5063
9582 9581
7551 7550
1926 1925
6754 6755
5652 5653
3400 3401
9371 9370
8535 8534
7467 7468
6000 6001
5067 5068
7548 7547
6639 6640
5261 5260
7137 7136
2179 2178
7733 7734
5980 5981
7207 7208
2272 2271
6854 6855
721 720
9008 9007
5678 5677
2226 2227
868 869
5411 5412
8378 8377
8001 8002
1195 1196
217 218
4284 4285
3405 3406
7088 7089
2076 2075
3671 3672
6812 6811
1918 1919
879 878
4346 4347
9198 9197
6807 6806
7409 7408
6617 6618
7507 7506
2372 2371
9840 9839
9349 9350
5451 5452
971 972
5845 5846
5177 5178
550 549
5772 5773
6137 6136
5339 5340
2584 2585
8733 8732
8562 8561
6710 6709
8187 8188
5060 5059
5051 5050
1818 1817
8458 8459
8026 8025
541 540
9053 9052
226 227
6830 6831
8718 8719
4230 4231
3602 3601
9929 9928
1621 1622
7092 7093
7537 7536
5926 5925
6935 6934
2886 2887
6825 6826
1668 1667
7946 7945
7598 7597
8388 8389
1477 1478
7463 7464
6551 6552
2055 2054
2184 2183
2951 2950
4269 4268
2980 2979
1390 1391
9561 9560
4207 4206
7713 7714
1618 1617
498 499
2847 2846
8341 8342
3683 3684
7659 7660
6676 6675
3572 1
2676 2675
495 496
4574 4575
8557 8556
8205 8206
2672 2673
599 600
9754 9753
5937 5936
8448 8449
1171 1172
6803 6802
9182 9183
1305 1304
257 256
6526 6527
6177 6176
1756 1755
937 936
5 1
7962 7963
7925 7924
2042 2041
2818 2819
3771 3772
4623 4622
816 817
7497 7496
1700 1699
3529 3528
4569 4570
7398 7399
3506 3507
8321 8322
8896 8897
3496 3495
5968 5967
1173 1172
6065 6064
9799 9798
2203 2204
2063 2064
9909 9908
5173 5172
6430 6431
3786 3785
9281 9282
1306 1305
3384 3385
1102 1101
7928 7927
9394 9395
2730 2731
2416 2415
7582 7583
4155 4154
346 347
8711 8710
2942 2941
6398 6399
8272 8273
3011 3010
3975 3976
4443 4442
4750 4751
994 995
795 796
5811 5812
2177 2176
7154 7153
150 151
9124 9123
2218 2219
3909 3910
6990 6991
2257 2256
8519 8518
183 184
6172 6173
2392 2393
1684 1683
2499 2500
5656 5655
3151 3152
6420 6419
7804 7803
5711 5712
7858 7857
8413 8414
259 260
8975 8974
9549 9548
4469 4470
8559 8560
9374 9375
7598 7599
1725 1726
9054 9055
6936 6935
7366 7365
6949 6948
8325 8324
896 895
5283 5284
1423 1424
6000 5999
1775 1774
8590 8591
1379 1378
906 905
4128 4129
3881 3882
3750 3749
8137 8138
9716 9715
9684 9683
5964 5963
9462 9463
6338 6339
1491 1492
6994 6995
2181 2180
1840 1841
8595 8596
2599 2600
2056 2057
5090 5091
3700 3701
3206 3205
725 726
3487 3486
9063 9064
5701 5700
7378 7377
2230 2231
1632 1631
5087 5088
7254 7253
2339 2340
5666 5665
458 457
7129 7128
4139 4140
207 206
9938 9937
9842 9843
3504 3503
4569 4568
605 604
2631 2630
3933 3932
1688 1689
8086 8087
7751 7750
2712 2713
7928 7929
1261 1260
4078 4077
9391 9392
5459 5460
4762 4763
8408 8409
6049 6048
8202 8201
4259 4260
6542 6541
7252 7251
8029 8028
2760 2761
9900 9901
3924 3925
3853 3852
2725 2726
5715 5716
9571 9572
2789 2790
6358 6357
6698 6697
383 382
4437 4436
9085 9084
1353 1352
1068 1069
4476 4475
8007 8008
4760 4759
7683 7684
4805 4806
2089 2090
1228 1227
8078 8079
7772 7771
7393 7392
7805 7804
5195 5194
9618 9619
1744 1745
6216 6217
7532 7533
2734 2735
8504 8505
8142 8143
6071 6070
3888 3887
6794 6795
1611 1610
7034 7033
2969 2968
7823 7822
33 32
7306 7305
465 466
9253 9254
4011 4012
3188 3187
9160 9161
1518 1519
8329 8328
2466 2467
368 367
6484 6485
8601 8602
7973 7974
368 369
7086 7087
3219 3218
7163 7162
984 985
3543 3542
4155 4156
1189 1188
2425 2424
364 365
4733 4732
831 830
7349 7350
7776 7775
5790 5789
45 44
4099 4100
9714 9715
7915 7916
9273 9274
9237 9238
5978 5979
2972 2971
843 844
9182 1
7982 7981
1866 1867
3503 3502
2849 2848
3988 3987
4063 4064
1223 1222
1802 1801
7118 7119
8338 8337
3816 3817
7219 7220
6328 6327
5011 5010
6005 6006
302 303
5733 5732
9764 9765
6789 6788
7126 7125
7773 7772
303 304
8508 8509
4600 4599
1141 1142
8214 8215
7450 7451
4054 4055
2889 2888
2278 2279
9156 9157
1341 1342
8805 8804
1048 1049
7219 7218
1291 1292
442 443
5757 5756
9552 9553
2343 2344
6164 6163
6933 6934
348 349
6809 6808
1282 1281
806 805
7194 7193
1938 1937
357 358
5631 5630
6116 6117
2936 2937
5237 5236
920 921
3943 3944
7182 7183
6568 6569
3073 3072
5621 5622
3590 3591
1251 1252
9059 9060
9633 9632
5099 5098
8152 8151
6119 6120
9051 9052
3457 3458
2530 2529
6833 6832
2146 2145
3169 3170
8089 8088
6879 6880
5802 5801
7724 7723
4489 4490
8068 8069
4945 4944
5989 5990
6250 6251
1040 1039
1095 1094
7034 7035
5585 5586
260 261
7660 7661
6432 6431
9272 9271
1912 1911
8796 8795
9886 9885
3178 3177
8330 8329
401 400
6981 6982
8833 8834
4658 1
2496 2495
8617 8618
1582 1583
6769 6768
4298 4297
6794 6793
2370 2371
7230 7231
9645 9644
4012 4013
6487 6486
5083 5082
4405 4406
4016 4017
8969 8970
2428 2427
9894 9895
3555 3556
8659 8660
7956 7957
7950 7949
1674 1673
8432 8433
9870 9869
8680 8679
839 840
1960 1959
8987 8986
2768 2769
8080 8079
4572 4573
8735 8734
6755 6756
416 415
7790 7791
1 212
9425 9424
2655 2656
1463 1462
9068 9069
6359 6358
9093 9094
7338 7337
6376 6375
4849 4850
4767 4766
1895 1896
3393 3392
3035 3034
2051 2050
2709 2708
4863 4864
8830 8829
6084 6085
4521 4520
7293 7294
3079 3078
2978 2979
2833 2834
5346 5347
1032 1033
3159 3158
1040 1041
2066 2067
8630 8629
7789 7790
855 854
3218 3217
6414 6413
1549 1548
6282 6281
9175 9176
4074 4075
2015 2014
4816 4817
4043 4042
9817 9816
7794 7793
8961 8962
6380 6381
5567 1
5956 5955
1366 1367
4278 4279
4744 4743
7954 7953
6557 6558
793 792
917 916
4678 4679
6781 6782
8288 8289
6859 6858
5488 5489
2102 2103
4200 4199
1345 1346
3762 3763
5198 5197
9796 9797
3960 3961
2398 2397
1817 1816
1398 1399
1711 1712
8118 8117
9528 9529
3855 3856
3187 3186
1526 1527
4086 4085
8729 8730
789 790
6778 6779
5535 5536
1648 1649
1001 1000
5157 5158
5400 5401
5455 5456
6974 6973
8656 8655
9449 9448
9707 9706
1408 1409
6090 6089
3586 3587
8773 8774
7557 7558
4811 4812
1066 1065
7859 7860
5394 5395
9375 9376
794 795
979 980
4755 1
4745 4744
2518 2517
2532 2531
2750 2749
5024 5023
1365 1366
2923 2922
57 58
4825 4826
3170 3171
6815 6814
377 376
4818 4819
2995 2994
4647 4648
5514 5515
2219 2220
1495 1496
6192 6191
7206 7207
1312 1311
1858 1859
7443 7442
5511 5512
4468 4469
2867 2866
898 897
5231 5232
4884 4883
8966 8965
2354 2353
9105 9106
5233 5234
5301 5300
533 532
3140 3139
7645 7644
2165 2164
419 420
9713 9714
4211 4212
9443 9442
2190 2189
1612 1611
2795 2794
3578 3577
6504 6503
2661 2660
375 374
1803 1804
3849 3850
4415 4414
9233 9232
4880 4881
8206 8207
9255 9256
2418 2419
8999 8998
8916 8915
4139 4138
1138 1137
7480 7479
2580 2581
7779 7780
4981 4982
9363 9364
1860 1861
4264 4265
341 342
6435 6436
391 392
9167 9168
4267 4268
9190 9191
2499 2498
2593 2592
1791 1792
6292 6291
2465 2464
4582 4583
3713 3714
7014 7013
6802 6801
4382 4381
2020 2021
9740 9739
2063 2062
943 944
9986 9985
3514 3513
3233 3232
1935 1936
6490 6491
1209 1208
8487 8488
5429 5430
1413 1414
3637 3638
3867 3868
2924 2923
8968 8969
3006 3007
4740 4739
1237 1236
687 686
224 225
1205 1206
1090 1091
3904 3903
635 636
8347 8346
6559 6558
9292 9293
2602 2603
3358 3357
3122 3121
8021 8022
5092 5091
5337 5336
7282 7281
7216 7215
6299 6298
5547 5548
4975 4974
1799 1800
6569 6570
4426 4425
944 945
9061 9062
4993 4994
9275 9276
4368 4367
9216 9217
3167 3168
7602 7603
2527 2528
3656 3655
4153 4154
4337 4338
5224 5223
7030 7031
8421 8420
1999 1998
7108 7109
87 88
6683 6682
8637 8636
8806 8805
2094 2095
6149 6148
5963 5962
9576 9575
1429 1430
9358 9359
6801 6800
353 354
2389 2390
692 691
9043 9044
9842 9841
2998 2999
9536 9535
3197 3196
9104 9103
1158 1159
8831 8830
4417 4416
9489 9490
1357 1356
1067 1068
8781 8782
41 42
9497 9496
1233 1234
4143 4142
7390 7389
4180 4181
3679 3678
6424 6425
4358 4357
4652 4651
6414 6415
4468 4467
4370 4371
123 122
2906 2905
4302 4301
9872 9873
9492 9493
6361 6362
877 878
9665 9666
5799 5800
1855 1854
445 446
8565 8566
4048 4049
7900 7899
4910 4911
9771 9770
2434 2433
5886 5887
8467 8466
8227 8226
8759 8760
6866 6865
7501 7500
6309 6310
6567 6566
4304 4303
4188 4189
3980 3981
6131 6132
9919 9920
5116 5117
7878 7879
5863 5862
1 80
6644 6643
6346 6347
6228 6227
6541 6540
1411 1410
6076 6077
4650 4649
5664 5663
3268 3269
5092 5093
7831 7832
7759 7760
1498 1499
764 765
1922 1921
7675 7676
7201 7200
7012 7011
8639 8638
8742 8743
888 889
6254 6253
7841 7842
2899 2898
6248 6249
5856 5855
7608 7609
5012 5011
1273 1272
167 166
9983 9984
8074 8073
9751 9750
1 380
6626 6625
4601 4600
3747 3746
671 672
7324 7323
267 268
7201 7202
5802 5803
9974 9973
3222 3221
3186 3185
4175 4176
8911 8912
5668 5667
9218 9217
236 237
4348 4349
5908 5907
593 592
5068 5069
2072 2071
619 620
4046 4047
4825 4824
2891 2892
150 149
5447 5446
3768 3769
7952 7951
8778 8779
87 86
3347 3346
5000 4999
8892 8893
107 108
5629 5630
9104 9105
8020 8021
3918 3919
5343 5344
6717 6718
3311 3310
5697 5696
9877 9878
133 132
8063 8062
4694 4693
3797 3796
2453 2454
3533 3532
3887 3886
1401 1402
1577 1578
1 8130
1937 1936
8767 8768
5471 5470
8558 8557
24 23
5245 5246
5413 5414
5603 5604
6639 6638
1741 1740
8376 8377
9778 9779
2378 2379
2440 2439
4795 4794
8687 8688
4928 4927
9270 9271
1549 1550
8886 8887
9755 9754
1715 1716
6352 6353
1235 1236
2141 2142
3036 3035
1498 1497
3048 3049
6850 6849
4362 4363
4210 4209
6075 6076
7707 7706
8644 8643
7567 7566
1659 1660
2782 2781
8375 8376
1421 1422
1794 1793
6066 6065
1464 1465
1181 1182
1123 1122
2537 2536
5975 5974
6528 6527
6285 6284
8155 8156
8204 8205
1052 1051
5282 5283
7175 7174
3336 3337
3902 3903
841 840
3162 3163
683 682
3813 3812
514 513
3366 3365
1742 1743
5125 5126
1560 1561
4591 4590
5393 5394
2568 2567
9433 9432
2666 2667
1 3323
6289 6288
9962 9963
9756 9755
3353 3352
188 187
2545 2544
609 610
3196 3195
5633 5634
9607 9608
3249 3248
3468 3469
6597 6596
2380 2379
834 833
7358 7357
4052 4053
2796 2797
4665 4666
2316 2317
5657 5656
2360 2359
996 997
7761 7762
252 253
5032 5031
8758 8759
910 911
5263 5262
707 708
7005 7006
5492 5493
6161 6162
9943 9944
4531 4532
8881 8882
8400 8401
2904 2903
3414 3413
7249 7250
4137 4136
5073 5074
2901 2902
5123 5122
9332 9333
5910 5909
504 503
5506 5507
5879 5878
9091 9090
7888 7887
7653 7652
3854 3853
8764 8763
68 1
1 155
3103 3104
3810 3811
1559 1560
7667 7668
3094 3093
8955 8956
952 953
319 318
2120 2121
9545 9544
9604 9605
1135 1134
54 55
9480 9481
4344 4345
9169 9170
3574 3573
2915 2916
3137 3136
4474 4475
2548 2549
5069 5070
2961 2960
6428 6429
3661 3660
1665 1666
946 947
81 80
8313 8312
4990 4991
796 797
6059 6060
9779 9780
7668 7669
2194 2193
8661 8660
6883 6884
3662 3661
250 249
4614 4615
8743 8744
9400 9399
7805 7806
7563 7564
7723 7722
2673 2674
9240 9241
4324 4323
8095 8094
4792 4793
2321 2322
4920 4921
7039 7038
2909 2910
8053 8052
4660 4661
9222 9223
8446 8445
2213 2214
6103 6102
8781 8780
3223 3222
3511 3510
1992 1993
803 804
531 530
1782 1781
7835 7834
1046 1047
1157 1156
402 403
5650 5649
4592 4593
5489 5490
6458 6457
1418 1419
9480 9479
8444 8443
4654 4653
8861 8862
655 656
7673 7674
4692 4691
1322 1321
7423 7424
3657 3658
8860 8859
8890 8889
4391 4390
9394 9393
771 772
9812 9811
4499 4498
9929 9930
280 281
540 539
6818 6819
441 442
890 891
8693 8692
1112 1111
8698 8697
4890 4889
6437 6438
2558 2559
7127 7128
7120 7119
227 228
3167 3166
1790 1789
4987 4986
5824 5825
9158 9157
7292 7293
708 709
8546 8547
5559 5560
4761 4762
6344 6345
9089 9088
300 301
7114 7113
5470 5469
2738 2737
4335 4336
9555 9554
5945 5946
4011 4010
2008 2009
8520 8521
9669 9668
8631 8630
2266 2265
9099 9100
1128 1127
714 713
4214 4215
7350 7351
9328 9327
6641 6640
3063 3062
8105 8106
5327 5326
904 903
5058 5057
8984 8985
2601 2602
7729 7730
782 783
3839 3840
8380 8381
8924 8923
6302 6301
8609 8608
498 1
9450 9449
5137 5136
3165 3166
2437 2438
5738 5739
7625 7626
8057 8058
4887 4886
4638 4637
2624 2625
7728 7729
7149 7150
8451 8452
4088 4087
9859 9858
134 133
3914 3915
6977 6978
9630 9631
4830 4831
3350 3351
2966 2965
1316 1315
4242 4241
1853 1854
7373 7374
9861 9860
7585 7586
9569 9570
8050 8051
2313 2314
1581 1582
5216 5217
435 434
9823 9824
9133 9134
1299 1300
5474 5473
96 95
6893 6892
727 726
5898 5897
9590 9589
7677 7676
537 536
481 480
4315 4314
7226 7225
9857 9858
3419 3418
1453 1454
5080 5081
1470 1469
6042 6041
5747 5748
2487 2488
6265 6264
170 171
8160 8161
8754 8753
6444 6445
1446 1445
5189 5190
4852 4851
3491 3490
6518 6519
5747 5746
2468 2467
5447 5448
5323 5324
2773 2774
1723 1722
3496 3497
7417 7418
6939 6938
8769 8770
2637 2636
5684 5683
1355 1356
8255 8254
4943 4942
496 497
1424 1425
6715 6714
730 729
9092 9091
6979 6978
1242 1241
6330 6331
8339 8338
9736 9737
639 640
339 340
1390 1389
1607 1606
4995 4994
9243 9242
1798 1797
7171 7172
7750 7749
145 144
9236 9237
7122 7121
914 913
607 608
8149 8148
6847 6848
7678 7679
5415 5414
3601 3600
1227 1
6096 6097
1228 1229
8391 8390
64 65
1626 1627
7792 7793
1928 1929
5989 5988
3431 3430
1 1037
6828 6829
8023 8024
6820 6819
9611 9612
1732 1733
960 961
5112 5111
9825 9826
8333 8334
4153 4152
3240 3241
4502 4503
9636 9635
2820 2819
3619 3620
3436 3437
2345 2344
7588 7589
9793 9792
2865 2866
7175 7176
9767 9768
5776 5775
3857 3856
584 583
6858 6857
2082 1
267 266
220 221
4327 4326
1475 1476
6154 6155
7113 7112
2401 2402
3871 3872
5920 5921
6456 6455
5366 5365
4234 4233
9737 9738
4888 4887
8164 8163
3966 3965
6278 6279
4380 4381
5019 5020
1113 1112
4702 4701
9692 9693
9289 9288
9568 9569
9229 9230
5349 5348
4249 4248
1615 1614
4291 4290
7672 7671
956 955
2073 2072
2617 2616
2939 2940
8262 8263
8112 8113
5104 5103
1579 1580
7297 7296
9256 9257
1625 1624
5768 5769
6544 6543
5532 5533
244 245
72 71
7277 7278
3095 3094
7621 7620
8642 8643
1821 1820
337 338
3462 3463
5161 5160
2813 2814
2756 2757
7222 7221
6132 6133
200 201
9444 9445
6337 6338
5071 5072
8600 8601
1554 1553
7091 7090
7908 7907
9815 9816
6147 6148
6721 6720
8659 8658
2322 2323
5065 5066
2903 2902
3255 3256
8469 8468
9035 9034
2151 2150
9912 9911
5390 5391
40 39
6094 6095
5749 5750
5481 5480
3793 3792
7081 7080
3288 3289
6196 6195
1155 1154
8088 8087
2947 2948
7613 7614
4427 4428
8523 8524
5836 5835
662 661
8914 8913
4966 4965
7904 7903
5164 5165
4864 4865
9948 9947
1169 1168
6656 6657
3642 3643
1297 1296
1532 1531
5796 5795
488 489
351 352
1723 1724
9383 9382
1735 1736
1862 1863
8889 8888
8816 8817
3203 3204
8527 8526
2158 2159
2519 2518
2651 2650
6036 6037
381 382
9426 9425
5466 5467
8006 8007
7555 7556
5483 5484
2196 2197
4602 4601
9274 9275
7192 7193
4950 4951
535 536
884 885
1814 1813
1565 1564
2721 2720
7151 7150
7388 7389
1900 1899
1971 1972
1121 1120
4773 4772
6011 6012
350 349
3089 3090
6113 6112
2158 2157
507 508
4774 4773
3357 3356
2332 2333
1571 1572
1368 1367
673 672
6535 6536
9596 9597
5907 5906
1482 1481
4696 4697
1714 1713
2156 2157
5337 5338
5948 5949
4226 4225
6348 6349
8387 8388
7836 7837
1181 1180
4903 4902
7619 7618
994 993
4727 4726
5644 5645
7197 7198
1977 1978
8425 8426
6868 6867
4511 4512
6220 6219
634 635
3116 3117
1948 1947
4477 4476
641 642
6218 6219
6466 6465
3613 3612
9711 9710
5733 5734
6738 6739
3116 3115
8035 8036
5616 5615
1423 1422
930 931
3517 3516
1012 1011
1770 1769
569 568
7818 7817
6975 6976
5911 5912
6513 6514
951 952
8034 8033
8856 8855
8238 8237
6512 6513
6937 6936
1617 1616
9774 9773
7253 7252
2327 2326
6608 6607
6334 6335
1165 1166
1764 1763
8042 8041
8570 8569
8673 8672
163 164
7140 7139
5682 5681
7167 7166
6829 6830
2818 2817
4309 4308
8574 8573
1022 1021
6378 6379
1727 1726
7892 7891
4259 4258
580 579
492 491
8357 8358
814 815
8499 8500
5661 5660
9804 9803
5590 5589
8586 8587
6803 6804
2822 2823
2453 2452
336 335
6313 6314
1464 1463
6183 6184
1158 1157
3884 3885
9646 9647
4780 4781
8272 8271
9837 9838
6906 6907
6680 6679
5550 5551
1999 2000
4856 4857
5047 5046
4898 4899
6591 6592
4110 4109
8233 8232
5436 5435
7923 7924
6326 6325
7761 7760
2331 2332
6793 6792
1075 1074
1 173
4674 4673
238 239
5039 5040
7361 7360
423 424
5894 5895
3119 3120
8128 8127
1139 1138
9838 9839
4595 4594
4042 4041
4779 4780
3403 3404
3224 3225
4548 4549
6723 6724
4545 4546
4764 4765
9195 9196
1708 1707
5034 5035
9149 9148
996 995
623 622
8744 8745
6081 6080
4997 4998
471 470
2494 2493
7257 7258
5386 5385
8230 8229
8220 8219
104 105
9948 9949
1406 1407
1876 1875
4495 4496
4803 4804
6196 6197
5587 5586
4805 4804
6496 6497
9833 9834
5285 5286
822 1
5225 5224
3297 3298
6847 6846
973 974
9963 9964
8911 8910
9682 9681
1299 1298
3141 3142
4182 4181
1399 1400
9191 9192
8495 8496
2872 2871
3030 3029
1903 1904
6224 6223
324 323
7691 7690
6371 6370
3249 3250
7919 7918
2958 2957
417 416
2247 2248
1529 1528
6623 6624
6966 6965
8589 8590
2736 2735
162 161
5590 5591
7721 7722
1 1893
5600 5599
7519 7518
8994 8995
8412 8411
7752 1
3359 3360
1301 1302
566 567
2025 2024
3752 3751
2763 2762
8885 8884
8977 8976
5771 5770
4923 4924
5180 5179
8883 8882
6055 6056
4322 4321
237 238
6078 6079
1114 1113
4073 4074
4860 4861
9065 9066
9307 9308
5012 5013
5968 5969
1028 1027
8986 8985
2937 2938
3813 3814
5076 5075
248 247
4162 4161
9875 9876
560 561
2865 2864
1887 1886
136 137
9552 9551
8198 8197
5614 5613
7331 7330
7972 7971
1760 1761
3257 3258
7320 7321
8485 8484
8994 8993
231 230
8454 8453
5054 5055
8881 8880
1489 1490
2873 2874
8098 8097
4976 4975
6043 6042
9998 9997
6547 6548
7552 7551
1984 1985
8404 8405
4471 4472
8568 8567
2462 2461
2347 2346
2045 2046
7579 7580
3985 3984
124 125
1555 1554
1598 1
5186 5185
397 396
8747 8746
1056 1055
7960 7959
6145 6146
6270 6269
9519 9520
746 747
9830 9831
6776 6777
6101 6100
2634 2633
7144 7143
7996 7997
9673 9674
1929 1930
335 334
4460 4461
4599 4598
1957 1956
1823 1824
7546 7545
437 1
5037 5036
4954 4955
6256 6255
1497 1496
1914 1913
6253 6252
454 453
2597 2598
9198 9199
2131 2132
4479 4480
1169 1170
9846 9847
7243 7244
8200 8199
8157 8156
5207 5208
7481 7480
7406 7405
1 6218
7806 7807
9579 9580
7785 7784
4038 4037
3391 3390
3149 3150
1257 1256
590 589
3940 3941
7144 7145
2250 2249
6010 6011
5268 5267
9337 9338
7427 7428
1207 1208
7689 7690
6231 6232
7370 7371
5932 5931
5239 5238
5564 5565
2694 2695
1178 1
414 415
6439 6438
6855 6856
6290 6291
9305 9304
5502 5503
7220 7221
2222 2223
7479 7478
7826 7827
2331 2330
828 829
9102 9101
1161 1162
5462 5463
4587 4586
9849 9848
1894 1895
6892 6891
8981 8982
4853 4854
3321 3320
3179 3180
4351 4352
9514 9513
9296 9297
5737 5736
8564 8565
5694 5693
7239 7240
2615 2614
2412 2411
6477 6478
9908 9907
9025 9024
4493 4494
7120 7121
5839 5840
2212 2211
287 286
5438 5437
3237 3236
6734 6735
9658 9657
6368 6369
2215 2216
8653 8654
7611 7612
5143 5144
2257 2258
4361 4360
4663 4662
8552 8553
5014 5015
2700 2701
6247 6248
9361 9360
9358 9357
4013 4014
1346 1347
5134 5133
1266 1265
9736 9735
5501 5502
256 255
6743 6744
2066 2065
5086 5087
7774 7773
1500 1499
1787 1788
6602 6601
5245 5244
9675 9676
9147 9146
856 855
299 300
6926 6925
3820 3819
7385 7386
2653 2654
4874 4873
8319 8318
9734 9733
1430 1431
400 399
7799 7800
6545 6544
5383 5382
1095 1096
1350 1351
2857 2858
6127 6128
7095 7096
6184 6185
1505 1504
5071 5070
1590 1589
7941 7942
7517 7516
6924 6923
612 613
5256 5257
7634 7633
4315 4316
9676 9677
899 898
202 203
6660 6661
6656 6655
7184 7185
647 646
9152 9153
9486 9487
5474 5475
108 109
4725 4724
3024 3025
2119 2120
754 755
9550 9549
2422 2421
413 412
1604 1603
967 966
3456 3455
6312 6313
7884 7883
7152 7153
215 214
4999 4998
4613 4612
5248 5249
2590 2591
660 661
8613 8614
2116 2115
1081 1080
5671 5670
1889 1890
3488 1
9421 9422
6565 6564
1185 1184
1475 1474
3055 3056
7414 7415
1865 1866
8477 8478
1086 1087
697 696
8198 8199
8741 8740
4327 4328
5529 5528
9473 9472
3354 3355
9209 9208
3299 3300
2683 2682
7055 7056
3901 3900
172 171
3228 3229
7319 7318
5336 5335
373 374
3105 3106
5218 5217
4043 4044
3087 3086
1335 1336
8784 8783
9512 9513
2607 2606
9206 9205
1371 1372
7735 7734
5212 5211
4566 4565
7542 7541
4241 4240
7554 7555
9477 9478
2479 2478
41 40
6449 6450
5178 5179
1453 1452
3787 3788
5412 5413
9539 9540
7897 7896
1771 1770
5494 5495
7948 7949
4265 4266
8323 8322
4141 4140
5976 5977
4974 4973
411 410
1662 1661
5408 5409
5062 5061
7015 7016
1656 1657
2765 2764
8747 8748
9409 9410
7019 7018
7088 7087
9128 9129
9965 9966
3748 3749
3631 3630
9026 9027
8715 8716
8766 8767
8113 8114
4904 4903
5707 5706
8 9
9479 9478
1856 1857
3678 3677
6402 6403
7842 7843
1164 1163
4913 4912
9246 9247
5700 5699
8116 8117
7600 7601
9163 9164
6701 6702
4855 4856
1670 1669
3721 3720
6071 6072
6349 6350
7342 7343
3890 3891
3062 3061
1754 1753
1562 1561
3782 3781
4016 4015
5075 5074
4820 4819
2140 2141
8119 8118
1884 1885
1221 1222
695 696
5550 5549
401 402
4842 4841
427 428
9272 9273
6862 6861
1202 1201
7388 7387
7310 7311
9554 9553
6525 6524
691 690
7123 7124
8670 8669
4515 4514
980 981
6740 6739
3666 3667
4369 4368
3209 3208
4505 4506
8720 8721
2001 2000
2646 2645
1593 1592
2027 2028
6423 6422
6890 6891
8209 8210
7332 7333
7813 7812
8766 8765
99 98
3280 3281
626 627
2615 2616
9508 9509
7820 7821
1267 1268
3261 3262
5574 5575
1520 1519
5034 5033
7630 7631
2262 2263
7064 7063
7061 7062
3481 3480
2553 2554
2033 2032
4447 4446
3200 3201
3622 3623
4526 4525
271 272
4156 4157
9821 9820
5232 5233
4972 4973
8253 8254
110 111
8863 8862
4919 4918
2273 2274
3220 3219
9773 9772
4741 4740
908 907
8256 8255
5501 5500
8183 8184
1482 1483
8624 8625
1348 1347
4960 4961
5017 5018
9483 9482
7493 7492
5814 5815
1 255
1857 1858
8925 8926
7797 7798
3605 3604
1941 1940
8465 8466
289 288
3377 3378
5081 5082
2752 2753
8292 8293
9850 9851
3512 3511
4868 4869
9010 9011
4059 4060
3736 3737
3131 3130
1 3918
5017 5016
1416 1417
6723 6722
9593 1
8447 8448
1545 1544
2742 2743
998 999
2798 2799
2368 2367
2502 2501
2747 2748
3602 3603
5970 5969
4697 4698
8682 8683
6650 6651
2898 2897
5129 5130
5039 5038
396 395
1023 1024
274 275
950 951
2006 2007
9961 9960
7731 7732
6953 6954
8484 8483
3790 3789
3599 3598
8621 8620
1435 1436
3815 3816
1543 1544
1539 1538
330 329
613 614
6421 6420
5890 5889
2469 2468
7523 7522
5328 5327
2513 2514
5460 5461
7780 7781
5330 5331
6136 6135
6901 6900
8835 8836
9801 9802
7743 7744
9967 9968
9370 9369
3534 3533
476 477
1053 1052
2826 2825
9717 9718
1675 1676
5274 5275
6365 6366
990 991
6946 6945
703 704
9150 9151
3718 3719
5883 5884
4504 4505
2769 2770
61 60
2665 2664
6151 6152
4438 4437
7597 7596
4749 4750
8363 8364
6646 6647
9452 9453
9111 9112
3141 3140
8137 8136
7018 7017
3498 3497
6261 6262
7405 7404
7369 7370
4124 4123
822 823
4931 4930
7053 7052
7726 7727
2559 2560
3986 3985
6726 6725
175 176
7169 7170
3434 3435
4798 4797
7966 7967
3255 3254
3621 3620
725 724
3638 3639
9486 9485
9800 9801
5197 5196
1639 1638
621 622
7874 7873
8849 8848
5691 5692
500 499
1990 1991
1214 1215
229 230
184 185
5222 5223
762 761
8926 8927
8791 8792
6736 6735
9788 9787
2981 2982
2610 2611
2779 2780
7305 7304
8677 8678
2455 2454
2891 2890
7013 7012
5020 5021
1326 1327
5311 5312
787 788
7145 7146
3557 3558
141 142
3550 3549
9326 9325
7135 7134
9131 9130
1342 1343
7228 7229
603 602
1828 1829
752 753
965 964
7000 6999
6160 6161
5873 5874
4962 4963
1245 1244
2172 2171
1035 1034
1698 1697
7743 7742
3878 3879
6001 6002
7060 7061
4080 4081
4926 4925
8431 8432
577 578
2681 2682
3945 3944
777 776
3916 3915
1478 1479
8873 8872
7636 7637
2992 2993
7269 7268
4706 4705
3054 3053
7873 7872
7623 7624
7648 7647
6009 6008
6372 6371
4566 4567
6561 6560
669 668
4337 4336
4638 4639
4067 4066
4756 4757
6775 6776
2497 2498
2177 2178
8439 8438
3383 3382
6283 6282
6194 6195
9950 9951
4423 4422
7542 7543
9798 9797
5006 5005
560 559
6034 6033
3740 3739
4427 4426
5206 5207
9530 9529
8214 8213
84 83
7381 7380
575 576
1630 1631
4747 4748
7926 7925
1877 1878
5902 5903
9747 9746
2355 2356
5028 5027
1932 1933
7270 7271
8336 8335
3474 3473
4351 4350
8452 8453
4534 4533
4144 4143
125 126
8607 8608
9423 9422
4938 4939
7674 7675
750 749
4294 4293
7047 7048
2315 2314
3433 3434
7621 7622
5828 5829
7728 7727
1517 1518
8762 8761
747 748
4421 4422
6156 6155
6158 6157
3087 3088
2945 2946
2604 2603
5335 5334
4094 4095
3362 3363
4253 4254
9866 9865
6226 6225
2450 2449
7619 7620
7046 7047
9429 9430
5064 5065
9956 9955
7138 7137
2031 2032
328 327
8795 8794
1567 1568
4148 4147
946 945
6897 6898
5477 5476
56 55
1565 1566
2236 2237
4735 4736
9412 9411
3425 3424
7180 7181
5806 5805
7232 7231
6621 6622
4932 4931
7574 7573
7984 7983
3388 3387
8159 8160
3627 3626
8046 8047
1445 1444
6699 6700
2255 2254
2598 2599
4978 4977
319 320
5230 5229
156 155
2070 2071
2887 2888
8361 8360
9174 9175
5389 5390
8082 8081
7444 7445
3957 3958
674 675
7792 7791
3950 3951
9795 9794
8975 8976
4676 4677
2293 2294
6 7
5352 5353
7319 7320
2240 2239
5213 5214
2778 2779
9597 9598
251 252
3501 3500
8752 8753
684 685
1318 1319
1902 1901
5532 5531
9622 9623
5350 5349
2412 2413
9845 9846
2459 2460
9524 9525
9404 9403
8558 8559
5917 5916
9629 9630
8839 8838
9102 9103
6952 6953
9280 9279
2761 2762
233 234
3954 3953
6168 6167
8619 8618
2404 2403
2067 2068
4101 4102
644 645
4010 4009
9145 9144
8699 8700
6530 6531
8108 8107
4135 4136
2749 2748
2286 2285
6840 6839
7972 7973
5235 5234
4550 4551
670 671
3120 3121
1106 1105
2685 2686
9173 9174
7044 7043
68 69
4389 4388
967 968
6085 6086
176 177
8683 8684
4775 4776
4626 4627
6472 6471
9303 9302
7503 7504
3314 3313
9385 9386
9045 9044
3452 3453
9172 9173
3727 3728
9906 9905
9460 9459
5497 5496
1248 1249
5127 5126
5498 5499
8854 8853
510 511
7962 7961
6227 6226
3260 3259
6316 6315
3220 3221
331 330
4273 4274
9856 9855
5546 5547
7476 7477
91 90
7117 7118
9935 9934
2463 2464
1450 1451
1851 1850
6392 6391
5101 5100
2877 2876
2108 2107
6427 6428
6463 6464
8111 8112
1650 1651
1644 1643
2638 2639
1540 1541
8353 8354
4330 4331
4969 4968
2492 2493
5493 5494
2382 2383
6748 6749
9841 9840
2553 2552
9140 9139
6708 6707
2107 2106
6632 6633
6488 6489
294 295
4941 4940
9540 9541
1248 1247
3860 3861
975 974
2679 2680
5751 5750
141 140
1772 1773
2890 2889
2118 2117
6574 6575
3445 3446
542 541
3570 3569
3426 3425
6772 6773
7865 7864
1569 1568
4824 4823
9943 9942
370 371
8792 8793
4799 4800
5992 5991
4872 4873
1 6330
4382 4383
7481 7482
554 553
8811 8810
6608 6609
6342 6343
8221 8220
7332 7331
389 390
8020 8019
7459 7458
2377 2378
6647 6648
2152 2151
3752 3753
4084 4085
600 601
1 7383
4149 4150
7375 7374
3587 3588
1785 1786
9763 9762
6521 6520
1862 1861
1633 1632
4488 4487
7052 7051
5315 5314
6841 6840
4428 4429
8242 8241
527 528
4157 4158
7041 7042
2587 2586
1429 1428
1142 1143
3923 3924
5045 5046
307 308
7278 7279
1744 1743
1734 1733
488 487
6817 6818
3705 3704
8225 8224
9114 9115
7280 7279
9826 9827
5594 5595
4718 4717
3969 3970
6058 6059
9505 9506
7237 7236
8491 8492
8197 8196
1192 1191
7409 7410
948 1
7199 7198
7840 7841
5067 5066
7515 7516
9777 9776
5808 5807
3440 3439
6910 6911
9971 9970
7642 7641
1230 1229
6914 6913
7345 7346
9894 9893
3768 3767
1 4280
7274 7275
215 216
4377 4376
8642 8641
5509 5510
9419 9418
2970 2971
4050 4049
5830 5831
6908 6909
7749 7748
9516 9517
5569 5568
3288 3287
6451 6452
5966 5967
1404 1403
6139 6140
3897 3896
7831 7830
7250 7251
5576 5575
3818 3819
4891 4890
1 353
3244 3243
3367 3366
5399 5400
9509 9510
3058 3059
3473 3472
5542 5543
8013 8014
2655 2654
623 624
7178 7179
8498 8499
2431 2432
3338 3339
5739 5740
8464 8463
9140 9141
4213 4212
2597 2596
933 934
2861 2860
7236 7235
5950 5949
7802 7803
4347 4348
3417 3416
4261 4260
1969 1970
5587 5588
1440 1439
637 638
2500 2501
3953 3952
9013 9014
2633 2632
8236 8237
5848 5847
5299 5298
272 273
7809 7810
3134 3133
5792 5793
1767 1768
7372 7371
9437 9438
8579 8580
5787 5788
8611 8612
1038 1037
2048 2049
2474 2473
9537 9538
5322 5323
6190 6189
4719 4718
6292 6293
1621 1620
8784 8785
8895 8896
14 15
9614 9615
616 615
3565 3564
3524 3523
4089 4090
4038 4039
9313 9314
3908 3909
7397 7398
8877 8876
3551 3550
1361 1360
3526 3527
6280 6279
6152 6153
114 113
6565 6566
6532 6531
7716 7717
344 345
1165 1164
129 130
6526 6525
185 186
1784 1783
564 565
785 784
4616 4615
3245 3246
8124 8125
5158 5159
2593 2594
900 901
5407 5408
2320 2321
1834 1833
6412 6411
4167 4166
7032 7031
6771 6772
7418 7419
4652 4653
5318 5317
5322 5321
7451 7452
8167 8166
4163 4164
651 652
5616 5617
7491 7490
4581 4582
978 977
9927 9926
6480 6479
715 716
8728 8729
8181 8182
8522 8521
1682 1683
1612 1613
720 719
1300 1301
3823 3824
7796 7797
5063 5064
8963 8964
4029 4030
8091 8092
3672 3673
3081 3082
5926 5927
6082 6083
3313 3312
1 1772
1746 1745
357 356
5971 5970
4936 4935
7709 7708
3723 3724
6154 6153
7300 7299
9010 9009
2647 2648
2396 2395
2900 2899
7362 7361
5555 5556
5540 5539
3575 3576
9262 9261
4508 4507
2057 2058
3920 3919
8560 8561
6100 6099
892 893
1 3242
4447 4448
1131 1130
7106 7107
1 1713
1337 1338
8246 8245
6502 6503
9945 9946
9658 9659
9663 9662
9374 9373
3623 3624
8312 8311
8315 8314
8800 8799
5966 5965
8017 8018
1003 1004
1874 1875
2441 2442
614 615
5504 5503
9408 9409
2576 2577
6627 6626
2047 2048
8009 8010
1593 1594
8621 8622
1841 1842
3766 3765
6615 6614
6030 6031
3364 3365
7020 7019
1043 1042
2217 2218
6518 6517
7080 7079
3913 3914
9372 9373
7392 7391
4821 4822
4867 4866
4570 4571
1 2487
758 759
2041 2040
2917 2918
1017 1018
3800 3801
8467 8468
4789 4788
4567 4568
8709 8708
6384 6385
409 410
8218 8217
3041 3042
9694 9693
6502 6501
6069 6070
5986 5985
3541 3542
9079 9078
4530 4529
5525 5524
9756 9757
5874 5875
2651 2652
5381 5380
551 552
712 713
950 949
1358 1357
4622 4621
1 5780
3600 3599
8420 8419
6298 6297
4166 4165
1100 1099
2754 2755
2687 2688
6535 6534
6484 6483
6346 6345
1759 1758
6277 6278
2508 2507
6456 6457
6386 6385
6912 6911
3824 3825
7132 7133
6347 6348
4416 4415
1650 1649
2084 2083
6849 6848
5755 5756
18 17
6319 6320
7731 7730
6409 6410
3837 3838
3371 3372
521 520
1225 1224
6634 6635
5915 5916
8504 8503
3536 3535
851 852
2570 2569
7241 7242
5221 5222
9461 9460
5997 5998
7233 7232
2377 2376
2346 2345
2506 2505
956 957
4191 4192
5530 5529
6747 6748
5045 5044
1809 1808
7892 7893
8527 8528
2839 2840
4914 4913
473 474
1050 1051
5360 5361
2289 2288
2306 2305
4784 4785
2892 2893
4067 4068
6740 6741
1948 1949
7265 7264
5845 5844
5767 5768
4987 4988
8144 8145
4875 4876
1245 1246
6051 6050
5936 5935
9896 9897
4554 4555
8390 8389
8971 8970
5764 5765
6641 6642
5803 5804
6750 6751
5896 5897
9288 9287
489 490
9156 9155
8103 8102
1 8780
6587 6586
7427 7426
1576 1575
8427 8426
4850 4851
5332 5333
6270 6271
705 1
6107 6108
905 1
6515 6516
1 5462
3732 3731
2704 2703
5964 5965
3486 3485
9346 9345
8253 8252
9234 9233
1397 1396
3093 3092
6268 6267
9230 9231
6999 6998
2522 2523
3531 3530
4325 4326
4669 4670
2426 2425
8684 8685
3685 3684
9097 9096
1974 1975
394 393
3198 3199
3242 3243
9642 9641
7741 7740
8512 8513
4283 4284
3420 3421
973 972
9227 9226
5948 5947
234 235
433 434
7190 7191
6415 6416
9096 9095
3099 3100
721 722
8056 8055
4500 4501
3292 3293
6201 6202
4883 4882
7380 7379
3739 3738
4776 4777
5957 5956
569 570
9017 9016
2710 2711
582 583
4558 4557
5867 5866
8162 8161
3439 3438
6273 6272
5876 5877
7173 7172
8514 8515
5308 5307
5618 5617
6506 6505
7268 7267
9638 9637
4581 4580
4146 4147
626 625
8091 8090
9648 9649
5109 5108
5418 5419
1701 1700
4594 4593
2477 2478
7534 7535
7559 7560
6549 6550
4194 4193
7196 7195
1155 1156
5866 5865
9376 9377
8455 8456
8555 8554
1662 1663
3299 3298
9951 9952
7783 7784
3019 3018
2323 2324
2707 2706
3757 3758
9664 9665
4840 4839
425 424
7561 7562
3647 3648
709 710
1725 1724
4330 4329
3145 3146
3037 3036
1267 1266
311 312
6117 6118
9349 9348
5594 5593
2657 2656
4463 4464
5124 5123
3450 3449
2784 2783
9356 9357
3406 3407
9955 9954
5577 5576
9 10
5904 5903
1624 1623
875 876
7135 7136
6737 6736
7959 7958
4236 4235
6035 6034
4655 4654
6700 6701
7591 7592
2290 2289
7244 7245
2949 2948
6951 6950
5128 5129
9095 9094
5280 5279
452 453
367 366
1729 1728
6864 6865
3227 3226
7912 7911
556 555
1874 1873
662 663
3664 3665
450 449
3071 3070
4516 4517
8032 8031
263 262
6662 6663
1415 1414
9337 9336
13 14
3442 3441
9646 9645
1906 1905
4844 4843
1263 1262
9747 9748
3743 1
3860 3859
4748 4749
3402 3401
9207 9208
3671 3670
686 685
7543 7544
8605 8604
6491 6492
597 598
201 202
3032 3031
4224 4225
5405 5406
8192 8193
179 180
5304 5305
7066 7065
9029 9030
9109 9110
1 1083
5173 5174
777 778
3779 3778
6624 6625
157 156
1246 1247
2494 2495
5813 5814
6433 6432
2351 2352
8287 8286
9189 9188
1 1542
2398 2399
2288 2287
9885 9884
7786 7787
7364 7363
4539 4538
1671 1670
4644 4645
8005 8004
4056 4055
1978 1979
3688 3687
4160 4159
3777 3776
1211 1210
9473 9474
532 531
3713 3712
7387 7386
6039 6040
6754 6753
8703 8704
1153 1154
2480 2481
657 656
8418 8419
9118 9117
8632 8633
5279 5278
8256 8257
3809 3808
3663 3664
1275 1274
7929 7930
8249 8250
1968 1969
7785 7786
1196 1197
6038 6039
3508 3507
6230 6229
3582 3583
1249 1250
7211 7210
4344 4343
4334 4335
698 697
6027 6028
2205 2204
4419 4420
8110 8111
8461 8460
9259 9260
2012 2013
5214 5215
78 79
3934 3935
4487 4486
3585 3586
4992 4991
7076 7075
6775 6774
1634 1633
1742 1741
7581 7580
6964 6963
61 62
9261 9260
9225 9226
5304 5303
2876 2875
3001 3002
131 130
8724 8725
9202 9203
8368 8367
8000 7999
3178 3179
1687 1686
2137 2136
2800 2799
6023 6024
7624 7625
3210 3209
962 963
5917 5918
3976 3977
587 588
485 486
3871 3870
3907 3906
5782 5781
9414 9413
7595 7596
9573 9572
3156 3155
7470 7469
6713 6712
4767 4768
4183 4182
9746 9745
887 888
4221 4220
1369 1368
1955 1956
3084 3085
3607 3606
5203 5202
9353 9352
9312 9313
9134 9135
2998 2997
3605 3606
6158 6159
6697 6696
3631 3632
3594 3595
3182 3181
4595 4596
1385 1384
52 53
8363 8362
4832 4833
7132 7131
4436 4435
3294 3293
2005 2004
2515 2516
3895 3896
836 837
345 346
6590 6589
5643 5642
5715 5714
4073 4072
3843 3842
94 95
7586 7587
5557 5556
5420 5419
5359 5360
3084 3083
6041 6040
6870 6871
1224 1223
1577 1576
2880 2879
4846 4845
1966 1967
5939 5940
6636 6635
8937 8936
9502 9503
4114 4113
478 477
9388 9389
6986 6987
6021 6022
9342 9343
3252 3253
7346 7347
4484 4483
5578 5579
3368 3367
1618 1619
7630 7629
9777 9778
6004 6005
6423 6424
5995 5994
5133 5132
3526 3525
9909 9910
1975 1976
7009 7008
523 522
2741 2740
9455 1
7108 7107
3016 3017
4239 4238
8671 8672
8316 8317
1377 1378
1640 1639
2369 2370
2792 2791
5402 5401
8946 8947
8421 8422
3693 3692
6406 6405
9587 9588
7610 7611
6410 6411
4642 4643
7168 7169
6331 6332
3090 3091
2905 2904
3899 3898
5604 5605
3946 3947
5482 5483
464 465
112 111
4076 4077
8928 8929
4878 4877
3854 3855
8223 8224
9142 9141
2400 2401
3990 3991
3818 3817
5240 5241
1802 1803
2787 2788
9903 9904
723 722
2627 2628
5311 5310
8653 8652
6124 6125
773 774
9992 9991
6238 6239
3118 3117
8294 8295
1665 1664
3945 3946
64 63
2521 2520
5729 5730
9441 9442
3830 1
1987 1988
9867 9868
8085 8086
6089 6088
9165 9166
4408 4407
5344 5345
3177 3176
2474 2475
1590 1591
9919 9918
2574 2573
4950 4949
5272 5271
3065 3066
5421 5422
8490 8489
2361 2362
5138 5137
2162 2163
2472 2473
5865 5864
1851 1852
7954 7955
1271 1272
8158 8159
1870 1871
8997 8998
8095 8096
1614 1613
7815 7814
5049 5050
2956 2955
6596 6595
6630 6629
2909 2908
2390 2391
6179 6178
8005 8006
229 228
8229 8228
4650 4651
4906 4905
5190 5191
1627 1628
1295 1294
5614 5615
926 927
3982 3983
9719 9718
1 2280
7757 7758
4451 4450
3956 3955
4081 4082
6363 6364
4300 4299
8751 8752
3229 3230
7777 7776
4079 4080
4539 4540
3408 3407
49 48
2434 2435
6961 6962
6827 6826
8119 8120
2699 2700
3370 3371
3377 3376
2149 2148
2523 2524
3617 3616
5711 5710
9426 9427
490 491
5941 5942
8666 8667
5620 5621
7126 7127
9309 9308
5521 5522
8845 8846
9257 9258
9689 9688
7497 7498
3422 3423
8878 8879
3512 3513
3081 3080
8456 8457
938 937
6510 6509
752 751
1370 1371
749 748
7863 7864
2327 2328
8226 8225
5691 5690
8276 8275
5375 5376
2991 2990
2252 2251
4058 4057
30 1
1752 1751
1117 1118
9721 9722
4356 4355
1226 1225
5021 5022
5252 5251
3431 3432
2787 2786
9062 9063
6086 6087
9111 9110
9925 9926
7336 7337
9732 9733
2821 2822
3000 2999
2312 2311
4261 4262
9146 9145
6109 6108
4837 4838
2282 2281
5759 5758
5744 5745
7460 7461
5427 5426
5128 5127
9586 9585
1412 1413
9960 9959
1932 1931
5724 5725
9467 9468
6239 6240
6186 6185
4286 4285
5290 5289
1257 1258
3029 3028
4064 4065
9781 9782
2691 2690
8347 8348
1811 1810
4432 4433
426 425
1687 1688
4608 4607
4270 4271
636 637
107 1
7698 7697
3454 3455
7073 7074
694 693
4510 4509
7986 7985
6398 6397
9654 9655
5554 5555
5200 5201
744 745
192 193
5240 5239
7423 7422
5687 5686
4334 4333
2264 2265
5241 5242
7044 7045
4706 4707
207 208
9661 9660
4789 4790
27 26
1188 1187
2409 2410
3234 3235
4477 4478
4130 4129
9322 9323
6047 6048
210 211
8858 8857
9042 9041
1835 1834
1428 1427
3102 3103
6977 6976
7839 7840
1691 1692
5519 5518
6979 6980
3308 3307
2440 2441
3318 3317
8503 8502
4952 1
1739 1738
2191 2190
7496 7495
1480 1481
1547 1546
8035 8034
2313 2312
5107 5108
5508 5509
604 603
962 961
1238 1237
6489 6490
9499 9500
7295 7296
8528 8529
1296 1295
5396 5397
8258 8259
5219 5220
7602 7601
9184 9185
1606 1605
3841 3840
3414 3415
9298 9297
3287 3286
5823 5824
3607 3608
7421 7422
17 1
457 456
5216 5215
3122 3123
1359 1358
2192 2193
7067 7066
7180 7179
4877 4876
9566 9565
6470 6471
2273 2272
509 510
18 19
9312 9311
7276 7275
8853 8852
5094 5095
4782 4783
5164 5163
9910 9911
6043 6044
3872 3873
2929 2930
6194 6193
1297 1298
8410 8411
2931 2930
5252 5253
3996 3997
2383 2384
6615 6616
5392 5391
9969 9968
5292 5293
6648 6649
9137 9138
7429 7428
3231 3232
3131 3132
5788 5789
7464 7465
7032 7033
6306 6305
1025 1026
1924 1925
3659 3658
6293 6294
9618 9617
1 1487
5514 5513
1823 1822
1 302
2878 2879
9447 9446
6964 6965
1133 1134
418 419
7519 7520
4537 4538
280 279
5725 5726
9591 9592
4190 4189
699 698
907 906
2271 2270
5054 5053
6712 6711
753 754
1732 1731
8396 8395
5722 5723
426 427
5449 5448
7994 7995
6025 6026
6205 6204
1896 1897
9999 10000
6486 6485
598 599
9791 9790
3725 3726
6394 6393
652 653
2839 2838
943 942
9622 9621
8814 8813
6562 6563
3879 3880
3517 3518
8053 8054
4786 4785
4409 4410
5698 5697
8898 8897
8102 8101
467 1
869 870
6894 6895
4120 4119
9468 9469
1047 1048
8365 8364
4619 4618
5619 5620
8310 8309
9742 9743
4045 4044
1995 1994
4623 4624
1287 1288
7240 7241
7622 7623
9867 9866
9647 9648
9355 9356
1985 1986
48 47
5220 5221
5420 5421
3873 3874
7998 7997
2209 2210
6633 6634
2069 2068
2835 2836
6931 6932
1927 1926
8115 8114
86 85
5840 5841
8457 8458
9077 9078
1951 1952
772 773
3349 3350
4828 4829
1146 1147
5106 5107
2489 2490
8041 8040
2557 2556
5518 5517
7314 7313
7210 7209
1369 1370
2663 2662
1961 1962
8689 8688
1187 1186
750 751
5661 5662
8430 8431
805 804
2185 2186
6357 6356
912 911
9200 9201
543 542
1996 1995
2802 2801
6605 6606
7895 7896
3997 3998
6762 6763
6686 6685
6588 6589
2242 2243
7517 7518
912 913
7968 7969
4299 4298
2375 2374
2886 2885
3212 3211
517 516
4443 4444
1008 1009
1904 1905
6577 6578
5153 1
6785 6786
4688 4687
9949 9950
276 277
7302 7301
8435 8436
4484 4485
621 620
7960 7961
8442 8443
5794 5793
4236 4237
6482 6481
2353 2352
1465 1466
6897 6896
8267 8266
8266 8265
4317 4316
7770 7769
2993 2994
7756 7757
7967 7968
969 968
5003 5002
1126 1127
5052 1
9776 9775
2555 2556
9310 9309
5431 5430
6203 6204
4473 4474
1887 1888
129 128
6067 6066
2195 2196
7995 7996
5919 5920
4385 4384
6815 6816
2479 2480
8308 8307
2329 2328
1473 1472
928 927
6274 6273
9204 9205
1071 1070
3741 3740
6395 6396
2388 2387
824 823
8463 8462
6959 6958
5368 5369
3782 3783
8435 8434
2162 2161
1 233
6890 6889
436 435
3139 3138
4843 4842
9405 9406
640 641
3927 3928
4900 4899
7650 7651
8748 8749
8799 8798
4979 4978
3134 3135
5466 5465
7461 7462
1 3083
75 76
2171 2170
2677 2676
6642 6643
384 383
1239 1238
5673 1
2235 2236
7037 7038
4200 4201
5568 5567
3852 3851
4486 4485
7514 7515
3680 3679
7920 7919
6138 6139
5983 5982
9973 9972
4801 4800
2427 2426
4556 4557
2836 2837
1522 1521
2472 2471
4732 4731
4172 4171
1213 1214
4192 4193
740 741
4114 4115
4432 4431
3615 3616
1124 1123
7348 7349
6304 6303
8482 8481
8470 8471
5883 5882
7314 7315
3068 3069
1160 1161
2978 2977
381 380
4320 4319
6236 6237
653 654
6019 6018
3022 3023
4867 4868
77 78
1678 1677
9533 9532
3654 3655
1794 1795
36 35
2055 2056
2394 2393
7307 7308
548 547
198 199
3634 3633
872 871
6390 6389
9268 9269
3971 3970
9126 9127
9825 9824
4690 4691
5574 5573
9808 9807
5440 5441
2932 2931
4000 4001
3189 3188
1776 1777
7692 7691
4858 4857
3738 3737
9899 9900
6406 6407
2006 2005
3835 3834
8064 8063
9896 9895
1443 1442
7446 7445
4429 4430
8334 8335
5135 5136
8872 8871
2587 2588
6947 6946
3949 3950
7396 7395
1480 1479
762 763
8864 8865
182 181
8980 8979
4449 4448
7536 7535
7260 7259
3449 3448
5610 5609
1756 1757
2210 2211
8959 8958
6630 6631
5465 5464
4907 4906
4769 4770
4135 4134
3034 3033
4690 4689
2650 2649
7822 7821
3124 3125
3250 3251
1447 1446
7401 7400
6695 6694
9000 8999
7360 7359
1623 1622
4126 4127
9383 9384
3773 3772
3012 3011
4354 4355
3880 3881
4111 4112
3715 3714
9076 9075
2922 2921
2457 2458
4901 4900
5310 5309
2175 2174
5436 5437
7165 7164
2198 2197
6863 6862
5143 5142
7807 7808
5276 5275
3943 3942
2644 2643
7553 7552
3356 3355
4051 4052
6886 6887
5398 5399
3411 3412
2341 2342
9834 9835
3652 3653
3962 3963
673 674
5044 5043
3444 3445
7579 7578
4445 4446
9116 9115
1828 1827
8530 8531
3104 3105
9028 9027
3390 3389
7341 7340
5486 5487
9780 9781
6129 6130
6929 6928
4207 4208
4027 4028
2076 2077
1976 1977
8327 8326
8949 8948
9924 9923
8354 8355
1655 1656
2639 2640
9526 9525
6062 6063
1488 1489
8474 8475
2059 2060
6864 6863
7895 7894
1 2
9323 9324
5134 5135
8820 8819
2803 2802
6667 6666
5457 5458
7115 7116
767 766
9040 9041
6081 6082
558 559
3370 3369
5285 5284
3979 3980
7553 7554
5352 5351
1132 1131
3076 3077
3524 3525
7156 7155
2420 2419
756 757
3335 3334
7196 7197
7753 7752
6068 6067
6810 6809
9819 9818
5946 5947
8194 8193
2932 2933
1550 1551
404 405
5542 5541
7309 7308
3948 3949
9924 9925
8738 8739
432 433
8124 8123
7036 7035
3044 3045
8877 8878
2436 2435
6592 6593
7957 7958
2080 2079
5278 5277
6653 6654
1418 1417
2537 2538
6179 6180
5372 5373
6963 6962
5912 5913
6992 6991
669 670
2209 2208
8686 8685
8846 8847
1973 1974
733 732
2087 2086
6402 6401
5914 5915
1456 1455
8 1
6236 6235
8771 8772
1337 1336
8019 8018
1193 1194
3173 3172
7122 7123
2476 2477
8870 8869
8640 8639
7295 7294
4684 4685
2715 2714
7588 7587
8506 8505
970 969
7269 7270
5370 5369
6054 6053
4079 4078
8048 8047
3826 3827
3096 3095
2128 2129
1952 1953
529 528
7029 7030
5471 5472
4786 4787
6107 1
3667 3668
7593 7592
9121 9122
4004 4005
251 250
922 923
9970 9969
8676 8675
1980 1979
6015 6014
5816 5817
2035 2034
9456 9455
7837 7838
164 165
9638 9639
606 607
1403 1402
3804 3805
8656 8657
6875 6876
4274 4275
7272 7271
8832 8831
3668 3669
5985 5984
3716 3717
2976 2977
5664 5665
6874 6875
8824 8825
4311 4310
854 853
2241 2242
1354 1353
9832 9831
858 859
4482 4483
4249 4250
5169 5168
6255 6254
9524 9523
7777 7778
5404 5403
1279 1280
7326 7327
7076 7077
3748 3747
1077 1078
1211 1212
3240 3239
707 706
3521 3522
4888 4889
5546 5545
5954 5953
9551 9550
2806 2805
9793 9794
2696 2697
9695 9696
4069 4068
7665 7664
7307 7306
7686 7685
3381 3382
5513 5512
1972 1973
4631 4630
5826 5825
1867 1868
806 807
3499 3500
2941 2940
9683 9682
6087 6088
4492 4491
8089 8090
7846 7847
7366 7367
1007 1006
9144 9143
1425 1426
6572 6573
4126 4125
6777 6778
8750 8751
3320 3319
6731 6730
977 976
1 7023
4451 4452
8048 8049
1945 1944
4947 4948
5945 5944
5754 5753
6144 6145
3126 3127
27 28
2040 2039
9151 9152
6732 6733
8387 1
9628 9627
6061 6062
6221 6220
2296 2297
5364 5363
6446 6447
6805 6806
9994 9993
9128 9127
5603 5602
6460 6459
7718 7719
3339 3340
257 258
4598 4597
4367 4366
983 982
1819 1818
1081 1082
8065 8066
9277 9278
9058 9057
8174 8175
3699 3698
242 241
8606 8605
5176 5175
743 1
650 649
8628 8629
3936 3935
8964 8965
3374 3373
1235 1234
885 886
9916 9917
7590 7591
2113 2114
5377 5378
5009 5010
7004 7005
3955 3954
8532 8531
2239 2238
1380 1381
1898 1899
2420 2421
3394 3393
1625 1626
7099 7100
2101 2100
7739 7738
1737 1736
9996 9995
8162 8163
8153 8154
3193 3192
9178 9179
3558 3559
8894 8893
1535 1534
1286 1285
7765 7766
9923 9922
6662 6661
7800 7801
4282 4283
5674 5673
2512 2511
4862 4863
5362 5361
9162 9163
5490 5491
8633 8634
2202 2203
4818 4817
8060 8059
6759 6760
2605 2604
8821 8820
8058 8059
5353 5354
6031 6032
9286 9285
124 123
5951 5950
633 634
7237 7238
8507 8506
6459 6458
2620 2619
7539 7540
1438 1437
3417 3418
6556 6555
1088 1087
1060 1061
3400 3399
3552 3553
1586 1585
8234 8233
7344 7345
2962 2963
2103 2104
6182 6181
1659 1658
7762 7763
9348 9347
1815 1816
1686 1685
9771 9772
4603 4604
8978 8979
5154 5153
3173 3174
4105 4106
2079 2078
1522 1523
8109 8110
992 1
2221 2222
9185 9186
1829 1830
1769 1768
3344 3345
2609 2608
9527 9526
8060 8061
1148 1149
6985 6986
406 405
8337 8336
9944 9945
3482 3483
771 770
889 890
873 874
9360 9359
8591 8592
4677 4678
1909 1910
8210 8211
9301 9302
6419 6418
8990 8989
7456 7457
6914 6915
309 310
4828 4827
468 467
2746 2745
8581 8580
9101 9100
3648 3649
9873 9874
5770 5769
2247 2246
8649 8648
4234 4235
8285 8286
9187 9188
6655 6654
5773 5774
9036 9035
3351 3352
8191 8192
8549 8550
4659 4658
3225 3226
1 327
3050 3049
8340 8339
2750 2751
9154 9155
1055 1054
1269 1268
5742 5741
8241 8240
1846 1847
2486 2485
8001 8000
2716 2717
5314 5313
2123 2122
2505 2504
4783 4784
5056 5055
4716 4717
3849 3848
7379 7378
44 43
9203 9204
2018 2019
146 147
6105 6106
8423 8424
6249 6250
2010 2011
7489 7490
1 1328
9126 9125
6967 6966
15 16
7616 7615
6680 6681
4489 4488
9037 9038
9697 9698
2027 2026
3278 3279
8707 8708
9295 9296
5942 5943
6436 6437
3270 3271
5238 5237
7494 7493
6881 6882
1314 1313
1880 1881
244 243
4467 1
2130 2131
1512 1511
4059 4058
3646 3645
8374 8373
8277 8276
990 989
9740 9741
5672 5671
8261 8260
4132 4131
4640 4641
1405 1404
2590 2589
8360 8359
5827 5826
1303 1302
8701 8700
7754 7753
8736 8735
4666 4667
5732 5731
8369 8368
7846 7845
3795 3794
9435 9434
258 259
5720 5719
4771 4772
5566 5565
3899 3900
4150 4151
3021 3022
2704 2705
7704 7705
3264 3265
3613 3614
3151 3150
2009 2010
5292 5291
5839 5838
1 9732
3841 3842
788 789
8984 8983
657 658
5709 5710
910 909
8525 8524
1197 1198
9107 9108
2661 2662
5193 5194
6003 6002
315 316
4587 4588
7303 7302
6872 6873
5892 5891
6955 6954
1916 1915
5762 5763
505 506
9137 9136
3284 3283
1279 1278
2470 2469
2302 2303
134 135
8392 8391
7934 7935
861 860
6474 6473
9766 9767
4377 4378
6645 6644
4280 4281
2830 2829
7655 7654
6426 6425
8681 8682
7082 7081
6178 6177
1515 1516
6030 6029
7327 7328
7617 7616
9121 9120
4925 4924
3921 3922
4870 4869
9471 9472
5675 5676
7494 7495
6434 6433
9892 9893
4015 4014
4238 4237
8620 8619
1740 1739
9902 9901
6488 6487
8763 8762
2491 2492
4097 1
8572 8573
7068 7069
6920 6919
2642 2641
208 209
1103 1102
8303 8302
8003 1
2293 2292
2053 2054
8203 8202
8657 8658
8954 8955
9397 9398
5438 5439
9322 9321
3582 3581
8802 8801
2873 2872
4871 4870
3331 3330
5001 5000
5296 5297
9086 9087
4834 4833
2814 2815
378 377
7564 7565
9890 9889
284 285
5858 5857
3703 3704
597 1
3565 3566
4874 4875
9954 9953
1030 1031
4379 4380
9194 9195
3765 3764
918 919
3128 3127
2016 2017
1070 1069
9837 9836
1531 1530
1130 1
8686 8687
2343 2342
8586 8585
1820 1819
9113 9112
7993 7994
7102 7101
4882 4881
9640 9639
2936 2935
2717 2718
8705 8706
7988 7989
8730 8731
8645 8644
1049 1050
1840 1839
6202 6203
2626 2625
6326 6327
21 22
5423 5422
4952 4953
2772 2773
3742 3741
2443 2442
2957 2956
5627 5628
278 1
1360 1359
461 460
4233 4232
3410 3409
3466 3467
1652 1651
1343 1344
2089 2088
1760 1759
8867 8868
1334 1333
5543 5544
9574 9575
3579 3580
6241 6240
245 246
3069 3070
209 210
8300 8301
9329 9330
1116 1117
89 88
1363 1364
2562 2561
154 153
6393 6392
4839 4838
9729 9730
9231 9232
8023 8022
7505 7506
8406 8407
6742 6741
7229 7230
2095 2096
2613 2614
4457 4456
5885 5886
6653 6652
7615 7614
2086 2085
3628 3629
4498 4497
8694 8695
630 629
3755 3754
5929 5928
6260 6259
1707 1706
2513 2512
8612 8613
5597 5598
459 460
7978 7979
3585 3584
9380 9379
6386 6387
5048 5049
1566 1567
4099 4098
5350 5351
7702 7703
4116 4117
7415 7416
7607 7608
2574 2575
6929 6930
6910 6909
2986 2987
6092 6093
5794 5795
5230 5231
8049 8050
5439 5440
8190 8191
4826 4827
8624 8623
826 825
863 864
2740 2739
1721 1722
9503 9504
5289 5288
2132 2133
1059 1058
1381 1382
7947 7948
2840 2841
5464 5463
2755 2756
3756 3755
7654 7653
6878 6879
605 606
8314 8313
8556 8555
8290 8291
1202 1203
4675 4676
9266 9267
3847 3848
126 127
8815 8816
7186 7187
1387 1388
3786 3787
1021 1020
2291 2290
4630 4629
2727 2726
5269 5270
2448 2447
4699 4700
3820 3821
7318 7317
711 710
5921 5922
7710 7711
842 841
4021 4022
483 484
2093 2094
6026 6027
4524 4525
9099 9098
982 981
92 91
3928 3929
4755 4756
8083 8082
6061 6060
2631 2632
8850 8851
7525 7524
1493 1494
1868 1869
5762 5761
4712 4711
763 764
3345 3346
6779 6780
332 333
9933 9932
8189 8190
739 740
2003 2002
1589 1588
675 676
6884 6885
3073 3074
2116 2117
7575 7574
8909 8908
7569 7568
3808 3807
1882 1883
7091 7092
8164 8165
9606 9605
9072 9071
8668 8667
9466 9467
9634 9635
5558 5559
4635 4636
3706 3707
6498 6497
3799 3800
5218 5219
1116 1115
5096 5095
3988 3989
4463 4462
6940 6941
1106 1107
5111 5110
1063 1064
6208 6209
8572 8571
5363 5362
6212 6211
8722 8721
8172 8173
8430 8429
5333 5334
2719 2718
5976 5975
3344 3343
4930 4929
865 864
3564 3563
9829 9830
1805 1806
307 306
6263 6264
5035 5036
4553 4554
4809 4810
9172 9171
2050 2049
7377 7376
1282 1283
3085 3086
2091 2090
9558 9557
5871 5870
398 397
3834 3833
5934 5935
9624 9625
4912 4911
8726 8727
5374 5373
4424 4423
485 484
376 375
1986 1987
7502 7501
5 6
4128 4127
2533 2532
5720 5721
918 917
1180 1179
5162 5161
8813 8812
8494 8493
6266 6267
517 518
5090 5089
370 369
6871 6872
3327 3328
8794 8793
4788 4787
4995 4996
800 801
9684 9685
3040 3041
475 474
4201 4202
6995 6996
5288 5287
3723 3722
5306 5305
7534 7533
8938 8937
4295 4294
2785 2786
5641 5642
9456 9457
2278 2277
9957 9958
7715 7714
6542 6543
1981 1980
105 106
929 928
9809 9808
5480 5479
4109 4108
8539 8538
688 689
1536 1535
5475 5476
813 812
616 617
8165 8166
6352 6351
9440 9439
5843 5844
2002 2001
1174 1175
3009 3010
7666 7667
6993 6992
8100 8099
8098 8099
9577 9578
7112 7111
659 658
4927 4926
5608 5609
4219 4218
2958 2959
931 932
8962 8963
3987 3986
5247 5248
1092 1093
8317 8318
3584 3583
7640 7641
5198 5199
514 515
4124 4125
9918 9917
1140 1139
1983 1984
5743 5742
1536 1537
7322 7321
4375 4376
1014 1013
7566 7565
7593 7594
1570 1571
6623 6622
3569 3568
793 794
7550 7549
9594 9593
6837 6838
4565 4564
2745 2744
4093 4092
5384 5383
2127 2128
142 143
1331 1332
5882 5881
7348 7347
3300 3301
8973 8974
3764 3763
629 628
579 578
8481 8480
6325 6324
8972 8971
9436 9435
3304 3305
6244 6243
5482 5481
481 482
689 690
9006 9007
1293 1292
9855 9854
9222 9221
8405 8406
9306 9307
3461 3460
8711 8712
2934 2935
4923 4922
3911 3910
1784 1785
3828 3829
5387 5388
1325 1326
7001 7000
5375 5374
8177 8178
4248 4247
3530 3529
2618 2619
7181 7182
2360 2361
4385 4386
240 241
9266 9265
1270 1269
5417 5418
8399 8398
1981 1982
3374 3375
7706 7705
6927 6928
5060 5061
9928 9927
2309 2308
2798 2797
6037 6038
5638 5639
2173 2174
715 714
7413 7412
6894 6893
5318 5319
9934 9933
589 588
2546 2545
6758 6759
9844 9843
9329 9328
2809 2808
9032 9031
1217 1218
3590 3589
5260 5259
612 611
5675 5674
7526 7525
3272 3273
9316 9315
148 149
5928 5927
5208 5209
4152 4151
3327 3326
2380 2381
9789 9788
2318 2319
9536 9537
4221 4222
5669 5670
8746 8745
8607 8606
469 468
3806 3805
6692 6691
8222 8221
2105 2104
8332 8333
2816 2815
6306 6307
1583 1584
4397 4398
7861 7860
9413 9412
6689 6688
4792 4791
4113 4112
9074 9073
1652 1653
4714 4715
1145 1144
4892 4891
4704 4703
4720 4721
2686 2687
2852 1
119 120
7819 7820
7245 7246
9817 9818
4297 4296
4096 4095
3274 3273
6631 6632
6302 6303
9396 9395
162 163
5405 5404
6988 6987
6500 6499
2969 2970
2576 2575
3591 3592
6619 6618
2287 2286
2011 2012
7472 7473
4454 4455
3625 3626
4445 4444
6380 6379
8875 8876
6918 6919
4631 4632
1 6905
7106 7105
5449 5450
3247 3246
6111 6112
7571 7572
4782 4781
5818 5819
5296 5295
6478 6479
975 976
8379 8378
934 935
7483 7482
5833 5832
5911 5910
5040 5041
9367 9366
8716 8717
6078 6077
2789 2788
1318 1317
8472 8471
7890 7891
8696 8695
5704 5703
9932 9931
7097 7096
7155 7154
960 959
4946 4947
5302 5303
9616 9615
1 8913
1075 1076
4544 4543
7697 7696
875 874
1002 1001
9624 9623
5821 5820
1042 1041
3451 3450
3078 3077
9268 9267
3574 3575
8116 8115
545 544
6475 6476
6142 6141
883 882
5859 5858
362 361
2349 2350
8582 8581
3456 3457
574 575
3641 3640
6842 6841
5545 5544
3791 3792
8808 8809
4536 4537
7130 7129
7471 7472
4060 4061
7600 7599
8385 8386
6092 6091
9180 9181
2570 2571
1308 1307
5379 5380
5114 5113
5416 5417
7911 7910
1374 1375
9092 9093
9749 9748
7449 7448
9887 9886
7037 7036
8815 8814
940 939
8755 8754
5811 5810
1 1832
2646 2647
5548 5549
533 534
6476 6477
9439 9438
2234 2233
512 511
3239 3238
8067 8066
7499 7500
3423 3424
8154 8155
5730 5731
5100 5099
5497 5498
4288 4287
8915 8914
3277 3276
4632 4633
6452 6453
9806 9807
847 846
7206 7205
5191 5192
7576 7575
9527 9528
7816 7817
4306 4307
9021 9020
4698 4699
7075 7074
9209 9210
338 339
4159 4158
165 166
4350 4349
1510 1511
2721 2722
561 562
2457 2456
2782 2783
4640 4639
5652 5651
1641 1642
5872 5871
9679 9680
3522 3523
2913 2912
313 314
5658 5657
4457 4458
665 664
6727 6728
5941 5940
551 550
4914 4915
299 298
5764 5763
3047 3046
3730 3731
884 883
7937 7938
6690 6689
2894 2895
7242 7243
1592 1591
3397 3398
6444 6443
3866 3865
3394 3395
6574 6573
6299 6300
2166 2165
9533 9534
452 451
3571 3570
5870 5869
4277 4278
2452 2451
5457 5456
9935 9936
2732 2731
6322 6323
5635 5636
1879 1878
9977 9976
7317 7316
7286 7285
1178 1179
5047 5048
2045 2044
1382 1383
1717 1718
7411 7412
6495 6496
8928 8927
4430 4431
7733 7732
8092 8093
8309 8308
8664 8665
2266 2267
2466 2465
3757 3756
6318 6317
6674 6673
2984 2983
9641 9640
7670 7669
3057 3056
386 387
1964 1965
4813 4814
2110 2111
8584 8583
9080 9081
1392 1391
8133 8132
3745 3744
7390 7391
8858 8859
1085 1086
8935 8936
4770 4771
1426 1427
8147 8146
516 515
880 881
1152 1153
5596 5595
923 924
8707 8706
8223 8222
3690 3691
4533 4532
1879 1880
9643 9644
2207 2208
9662 9661
5785 5786
4396 4397
2446 2447
8494 8495
3869 3870
8848 8847
2349 2348
9236 9235
1793 1792
9599 9600
4035 4034
5154 5155
2929 2928
1136 1137
886 887
2921 2920
7396 7397
4745 4746
7610 7609
4743 4742
7326 7325
4353 4352
8269 8268
1872 1873
2612 2613
4030 4031
7606 7605
3576 3577
7025 7026
5899 5900
780 781
3797 3798
4721 4722
7485 7484
9088 9087
2181 2182
45 46
4313 4312
1849 1850
2927 2926
8179 8178
139 140
7658 7657
1798 1799
6166 6165
5506 5505
5709 5708
6207 6208
2636 2635
2175 2176
6211 6210
322 321
3744 3743
4571 4572
1311 1310
6604 6603
3548 3549
8274 8275
1385 1386
4528 4529
1533 1534
5229 5228
5667 5666
9488 9487
2365 2364
9059 9058
3783 3784
9559 9558
2915 2914
5809 5810
5740 5741
8908 8907
9125 9124
8258 1
4736 4737
3934 3933
7539 7538
6522 6523
7050 7049
2628 2629
1461 1460
3144 3145
7747 7746
3291 3290
6845 6846
6813 6814
318 317
5122 5121
6866 6867
5411 5410
7004 7003
9432 9431
7218 7217
6708 6709
7756 7755
1507 1506
5277 5276
2216 2217
4574 4573
7981 7980
2446 2445
8171 8170
2713 2714
4213 4214
7889 7890
1221 1220
2778 2777
7057 7058
1319 1320
4829 4830
5635 5634
782 1
8714 8715
5800 5801
5888 5889
3057 3058
7215 7214
1450 1449
3285 3284
1837 1836
20 19
8945 8946
9187 9186
591 590
4709 4710
3974 3973
6492 6493
4806 4807
6729 6730
118 119
9452 9451
3463 3464
2534 2535
1758 1757
8416 8417
3354 3353
1220 1219
1913 1912
1924 1923
8725 8726
9258 9259
1338 1339
5958 5957
6752 6751
4317 4318
7695 7696
3317 3316
6447 6448
4359 4358
933 932
4196 4197
7083 7082
2694 2693
737 738
195 194
3183 3184
9417 9418
2968 2967
9363 9362
5787 5786
102 101
9822 9821
3340 3341
2920 2919
1730 1731
189 188
9987 9988
2368 2369
4305 4306
7027 7028
2225 2224
7368 7367
8489 8488
7677 7678
4473 4472
9076 9077
1232 1233
6584 6585
5551 5552
3931 3930
4108 4107
3168 3169
5042 5041
2038 2039
2869 2870
9691 9692
2527 2526
8662 8661
7694 7695
5531 5530
270 269
6121 6122
5517 5516
3925 3926
1415 1416
8837 8838
1121 1122
8174 8173
5727 5726
5659 5660
1502 1501
4791 4790
5869 5868
1958 1957
6266 6265
9522 9523
7468 7469
7826 7825
1 8517
2307 2308
9040 9039
9176 9177
1312 1313
2267 2268
942 941
6209 6210
8951 8950
7811 7812
3998 3999
4708 4707
2167 2166
3715 3716
526 527
1104 1103
8920 8919
7420 7421
8871 8870
1243 1242
4357 4356
8670 8671
3567 3566
5115 5116
5204 5205
5958 5959
1351 1352
9215 9214
5267 5266
4758 4757
2497 2496
6888 6889
2144 2143
4682 4681
6046 6047
3827 3828
7966 7965
5005 5004
9703 9702
5573 5572
3904 3905
2249 2248
1005 1006
7062 7063
1334 1335
8740 8739
6695 6696
3618 3617
8910 8909
1017 1016
6795 6796
8287 8288
7744 7745
3007 3008
4123 4122
9804 9805
2195 2194
6672 6673
9311 9310
9724 9723
5409 5410
7185 7186
6920 6921
4768 4769
9708 9707
5167 5168
3510 3509
2952 2953
8734 8733
8369 8370
2640 2641
395 394
5909 5908
4647 4646
8690 8691
5485 5486
3256 3257
9743 9744
5837 5838
1 4373
9339 9338
6054 6055
6674 6675
144 143
8873 8874
1 2558
2003 2004
6214 6213
5120 5119
9250 9251
4928 4929
1748 1747
4612 4611
3215 3216
9880 9879
9437 9436
9471 9470
13 12
4659 4660
2502 2503
3995 3994
2883 2882
8030 8031
6605 6604
643 644
7736 7737
3519 3520
3469 3470
646 645
1647 1646
7748 7747
7768 7769
756 755
5977 5978
9351 9352
564 563
160 161
3285 3286
7114 7115
5999 5998
7264 7263
430 429
6945 6944
4832 4831
4535 4536
1277 1
9343 9344
9820 9819
2863 2864
8394 8393
4186 4187
5930 5929
296 297
3518 3519
1601 1602
7007 7006
6628 6627
7029 7028
5655 5654
6924 6925
7425 7426
6144 6143
556 557
1679 1680
8713 8712
4711 4710
9992 9993
2245 2244
929 930
3448 3447
4257 4256
450 451
6746 6747
5453 5454
3547 3548
8270 8271
9972 9971
7617 7618
5608 5607
6295 6294
4494 4495
1992 1991
2668 2667
6354 6355
1183 1182
9811 9810
9515 9514
8933 8934
4252 4253
8235 8234
5799 5798
2644 2645
2569 2568
2771 2770
9130 9129
9802 9803
6454 6453
4300 4301
633 632
30 31
809 808
315 314
9652 9653
8123 8122
5370 5371
1838 1839
3197 3198
1783 1782
3932 3931
2078 2077
3646 3647
6243 6242
7809 7808
3629 3630
3705 3706
8967 8966
3265 3266
9563 9562
75 74
3991 3992
1737 1738
4822 4823
2423 2424
1092 1091
6878 6877
2337 2338
4949 4948
9446 9445
3691 3692
4160 4161
3515 3516
6916 6915
1 93
6692 6693
6600 6601
9764 9763
4061 4062
4215 4216
9577 9576
7292 7291
2304 2305
8351 8350
482 483
8599 8600
6426 6427
9836 9835
7931 7930
7549 7548
3815 3814
2524 2525
5822 5821
9045 9046
5983 5984
6315 6314
6199 6198
3589 3588
7815 7816
2384 2385
1477 1476
2232 2231
4308 4307
1507 1508
4957 4956
7628 7629
2516 2517
6745 6746
760 759
5558 5557
1025 1024
3801 3802
3845 3846
8187 8186
6881 6880
7225 7224
1788 1789
503 502
5901 5902
8209 8208
6932 6933
8436 8437
5473 5472
1 530
9351 9350
1587 1588
2229 2230
4103 4104
5729 5728
8598 8599
1263 1264
9475 9476
9132 9131
7887 7886
1019 1020
2173 2172
3040 3039
5452 5453
8980 8981
6182 6183
4761 4760
3676 3675
7871 7872
9583 9584
5423 5424
1 192
9371 9372
4585 4586
2623 2624
769 770
358 359
7540 7541
3461 3462
9451 9450
5716 5717
8943 8944
7633 7632
9689 9690
2900 2901
8216 8217
5718 5717
5563 5564
7488 7489
6143 6142
9786 9785
830 829
8930 8931
6678 6679
2261 2262
7056 7057
8345 8344
2551 2550
9589 9588
7946 7947
5605 5606
494 493
9119 9120
4962 4961
4246 4245
5112 5113
5626 5625
6439 6440
4524 4523
5193 5192
6125 6126
6616 6617
9877 9876
7952 7953
9998 9999
9672 9673
8170 8169
5659 5658
5623 5624
3202 3201
5822 5823
3123 3124
4394 4393
1007 1008
9402 9403
9292 9291
236 235
731 730
6290 6289
7992 7993
5397 5398
8575 8576
73 74
1 47
5841 5842
5743 5744
4492 4493
59 58
7354 7353
818 817
9290 9289
5585 5584
3270 3269
37 36
4311 4312
3793 3794
403 404
9879 9878
5776 5777
6804 6805
4871 4872
5365 5364
3644 3645
5891 5890
8473 8472
1660 1661
5273 5272
8039 8040
7304 7303
8441 8442
9147 9148
1814 1815
3043 3044
7208 7209
2680 2681
5152 5151
6885 6886
4815 4816
6333 6334
7354 7355
5648 5649
2428 2429
7926 7927
4934 4935
261 262
8402 8403
7613 7612
3598 3597
8185 8184
1960 1961
4188 1
9578 9579
5426 5425
7447 7446
4411 4410
9193 9194
3207 3206
970 971
3019 3020
5578 5577
6721 6722
8320 8319
4018 4017
6797 6798
9476 9477
7443 7444
1630 1629
8807 8806
2868 2869
3718 3717
5679 5678
3894 3895
6628 6629
7148 7147
8626 8625
9845 9844
1675 1674
325 324
7276 7277
7560 7561
3708 3709
4606 4605
3535 3534
6922 6921
328 329
8731 8732
1893 1894
9079 9080
571 570
90 89
3490 3489
4292 4293
25 24
7011 7010
7963 7964
9598 9599
4441 4440
4004 4003
8668 8669
3024 3023
7845 7844
7403 7402
2471 2470
5319 5320
9150 9149
1917 1918
2418 2417
8321 8320
501 500
4983 4982
4548 4547
2851 2850
6472 6473
2098 2097
9221 9220
5707 5708
8248 8247
2023 2024
4250 4251
8973 8972
4324 4325
3128 3129
6276 6277
8818 8817
2475 2476
594 595
3236 3235
8219 8218
746 745
5923 5924
6400 6401
6940 6939
6364 6365
1289 1288
836 835
1963 1962
169 170
7851 7852
3877 3876
7867 7868
8517 8518
4518 4517
2520 2519
8510 8509
8325 8326
3736 3735
7330 7329
507 506
8761 8760
5139 5140
4895 4894
5326 5325
4026 4025
1329 1330
3347 3348
7263 7262
2034 2033
2252 2253
5130 5131
6684 6685
4414 4413
275 276
5389 5388
1949 1950
7188 7187
3477 3478
1253 1252
4609 4608
3014 3015
3493 3492
1089 1088
2776 2775
3624 3625
7512 7513
8345 8346
317 316
1898 1897
6941 6942
2200 2201
1752 1753
1928 1927
8940 8941
2284 2283
5317 5316
6586 6585
7471 7470
66 67
4086 4087
3362 3361
3174 3175
8602 8603
2135 2136
9631 9632
8177 8176
9606 9607
473 472
6383 6382
2303 2304
2280 2281
6839 6838
9113 9114
5085 5084
4915 4916
6509 6508
4490 4491
5358 1
6658 6657
8045 8046
6395 6394
3996 3995
6467 6468
43 42
2953 2954
6844 6843
1167 1166
5026 5027
819 818
8536 8537
9299 9298
2986 2985
6900 6899
441 440
8081 8080
892 891
1147 1148
8991 8990
9001 9000
8133 8134
987 988
2707 2708
6238 6237
3688 3689
9202 9201
8925 8924
2583 2584
1923 1922
6788 1
290 289
9158 9159
9319 9320
1848 1849
1822 1821
1635 1634
2764 2763
5072 5073
7866 7865
1672 1673
1271 1270
3410 3411
6505 6504
877 876
4208 4209
4633 4634
9800 9799
8824 8823
8992 8993
4879 4878
1889 1888
1432 1431
6007 6006
3662 3663
2115 2114
5086 5085
5406 5407
4777 4778
2386 2385
3275 3276
408 1
6868 6869
1 122
8757 8756
6602 6603
1835 1836
2533 2534
39 38
9458 9459
2373 2374
6474 6475
7652 7651
3110 3109
4723 4722
6807 6808
9765 9766
850 851
5831 5832
9136 9135
5905 5904
1941 1942
6389 6388
6951 6952
2250 2251
3076 3075
8305 8306
6993 6994
908 909
717 716
3282 3283
5939 5938
5561 5562
4341 4340
9887 9888
2771 2772
2692 2691
7299 7298
6594 6593
3311 3312
8371 8372
2965 2964
6122 6123
9713 9712
7254 7255
3060 3059
9573 9574
7438 7439
6120 6121
3559 3560
5507 5508
4811 4810
1469 1468
3301 3302
341 340
1323 1324
2540 2541
4394 4395
4664 4665
6537 6538
2643 2642
5097 5098
8303 8304
1934 1935
9219 9220
4909 4910
3014 3013
4668 4669
6187 6188
5309 5308
1902 1903
5385 5384
4106 4107
4370 4369
8904 8905
6677 6676
8382 8383
1420 1419
1014 1015
2362 2363
9281 9280
8344 8343
7184 7183
7358 7359
6481 6480
5163 5162
197 196
692 693
3277 3278
7343 7344
5706 5705
1278 1277
9382 9381
9563 9564
264 263
8663 8662
1833 1832
9898 9897
9859 9860
213 214
9680 9681
2387 2386
6985 6984
6288 6287
8694 8693
4746 4747
4545 4544
9239 9238
1872 1871
1333 1332
5817 5818
1509 1508
7429 7430
5520 5521
5971 5972
3635 3634
4866 4865
4174 4173
1781 1780
8332 8331
6611 6612
2503 2504
7274 7273
7394 7395
2807 2808
9704 9703
1790 1791
7189 7190
5265 5264
3719 3720
4122 4121
8701 8702
9906 9907
5868 5867
6174 6175
8172 8171
9813 9814
6171 6170
1373 1374
2510 2509
3160 3161
6332 6333
7015 7014
8200 8201
1073 1074
9560 9559
7071 7072
5298 5297
4960 4959
1458 1459
9975 9976
4390 4389
7658 7659
8592 8593
9749 9750
9723 9722
283 282
3254 3253
1457 1456
9085 9086
7227 7226
4859 4860
8997 8996
2489 2488
3475 3476
8996 8995
700 701
7581 7582
3666 3665
385 384
4621 4620
9912 9913
7832 7833
5367 5368
4433 4434
1730 1729
9697 9696
5433 5434
584 585
2070 2069
7110 7109
5459 5458
2485 2484
8075 8074
7046 7045
2112 2113
8269 8270
9106 9107
5952 5951
8362 8361
3204 3205
8012 8013
1620 1619
2105 2106
2085 2084
1907 1908
8540 8541
1128 1129
2295 2296
6869 6870
3562 3563
655 654
4075 4076
2182 2183
9443 9444
1601 1600
857 856
678 679
6174 6173
3364 3363
3137 3138
9066 9067
3947 3948
7567 7568
3502 3501
2372 2373
70 71
8307 8306
391 390
9118 9119
1035 1036
5813 5812
4277 4276
7847 7848
148 147
9362 9361
5213 5212
3015 3016
985 986
5987 5986
5059 5058
2685 2684
3993 3994
5038 5037
4963 4964
9393 9392
4801 4802
8179 8180
5287 5286
9248 9247
4542 4543
4809 4808
4366 4365
1089 1090
4713 4712
7918 7917
3888 3889
3153 3152
5156 5157
9610 9609
4970 4971
187 186
900 899
9491 9492
7537 7538
97 98
4984 4983
776 775
5328 5329
2861 2862
9387 9386
146 145
4738 4739
8482 8483
9498 9499
6811 6810
1573 1574
9902 9903
6300 6301
6581 6582
5992 5993
7547 7546
5528 5527
4713 4714
9291 9290
5341 5340
8301 8302
6555 6554
4964 4965
2895 2896
117 116
6442 6441
7338 7339
8278 8277
3214 3215
3553 3554
7455 7456
9570 9571
8569 8568
2862 2863
6687 6686
6246 6247
4959 4958
8772 8773
7971 7970
1963 1964
6140 6141
3294 3295
7863 7862
9355 9354
240 239
9710 9709
8057 8056
832 831
1641 1640
9039 9038
8818 8819
1669 1668
2238 2237
8424 8425
2433 2432
1512 1513
9508 9507
6783 6782
432 431
1658 1657
8450 8451
3332 3333
5931 5930
5520 5519
6156 6157
2669 2668
447 446
5680 5681
7089 7090
6296 6295
3862 3861
5235 5236
6724 6725
7009 7010
8136 8135
6461 6460
5599 5598
5796 5797
5980 5979
7513 7514
7824 7823
3769 3770
331 332
6498 6499
8194 8195
9002 9003
203 204
3627 3628
2284 2285
9378 9377
6758 6757
4008 4007
4734 4733
6737 6738
4917 4918
8143 8144
1709 1710
1261 1262
3494 3493
9531 9530
867 866
2008 2007
3483 3484
7170 7171
8579 8578
5792 5791
1206 1207
3481 3482
4328 4329
6883 6882
9869 9868
5149 5150
2153 2152
5862 5861
2417 1
169 168
8665 8666
7272 7273
6404 6403
1579 1578
3295 3296
2767 2768
1943 1942
9142 9143
3333 3334
6063 6064
5778 5777
5859 5860
5294 5295
4032 4033
1135 1136
6672 1
6354 6353
6957 6958
2411 2410
5721 5722
9789 9790
2154 2155
1503 1504
4462 4461
3791 3790
4834 4835
8132 8131
6126 6127
1847 1848
3544 3543
8929 8930
1685 1684
1 6557
6901 6902
4450 4449
9566 9567
9228 9229
7700 7699
7922 7921
5625 5624
3844 3845
2925 2924
4946 4945
8982 8983
4558 4559
5688 5689
7455 7454
2188 2187
687 688
7661 7662
7758 7759
6612 6613
820 821
731 732
364 363
8103 8104
7262 1
3054 3055
3282 3281
205 206
3465 3464
5018 5019
7673 7672
3957 3956
6899 6898
9650 9651
6646 6645
1283 1284
6691 6690
4184 4183
4625 4624
2459 2458
8849 8850
25 26
5602 5601
8281 8280
8215 8216
1273 1274
4522 4523
9711 9712
3938 3939
1629 1628
8699 8698
7638 7639
4460 4459
304 305
6200 6199
7287 7286
5120 5121
3459 3458
1906 1907
2747 2746
1545 1546
6837 6836
4687 4686
3109 3108
8616 8617
1093 1094
849 848
463 464
5580 5581
1176 1177
3552 3551
8786 8787
9852 9851
2160 2159
5759 5760
6664 6665
3804 3803
7259 7258
6110 6111
9424 9423
6228 6229
9864 9863
4512 4513
7449 7450
7465 7466
1133 1132
8692 8691
5892 5893
7110 7111
8567 8566
5784 5785
5571 5570
6764 6765
9981 9982
6369 6370
2775 2774
273 274
4399 4398
6169 6168
3315 3316
3868 3869
1939 1940
3479 3478
9975 9974
7173 7174
38 1
5685 5684
586 585
857 858
3611 3610
809 810
6670 6671
5259 5258
4907 4908
6591 6590
7160 7161
4884 4885
5455 5454
2566 2567
9381 9380
5784 5783
8967 8968
6272 6271
1163 1162
9760 9759
6687 6688
3422 3421
7635 7634
3581 3580
1388 1389
5097 5096
6744 6745
136 135
4373 4374
1294 1293
3072 3071
4508 4509
3262 3263
7372 7373
2264 2263
7982 7983
3091 3092
8282 8281
8299 8300
3231 3230
9522 9521
9255 9254
8262 8261
4967 4968
935 936
2867 2868
9546 9547
6614 6613
7795 7794
8903 8902
4628 4627
8274 8273
5877 5878
4996 4997
360 361
167 168
480 479
4040 4041
7965 7964
7223 7222
1309 1308
9494 9493
7834 7833
1472 1471
9433 9434
492 493
8025 8024
5853 5852
3990 3989
2018 1
2825 2824
4985 4986
6417 6416
7901 7900
428 429
1864 1865
3460 3459
4917 4916
6465 6464
538 537
1812 1813
9368 9367
6717 6716
8797 8798
9168 9169
2112 2111
8811 8812
5104 5105
3889 3890
1325 1324
4981 4980
4034 4033
6620 6621
7288 7287
1908 1909
8647 8646
5268 5269
2191 2192
6821 6822
180 181
9005 9006
6169 6170
8649 8650
8012 8011
378 379
5752 5751
3695 3696
9139 9138
7325 7324
3381 3380
3780 3781
3865 3864
3942 3941
1307 1306
2728 2729
8004 8003
5325 5324
70 69
9320 9321
3485 3484
1515 1514
2860 2859
6360 6361
4035 4036
7736 7735
1762 1761
2813 2812
6860 6861
2671 2672
4282 4281
1110 1111
8340 8341
7404 7403
2364 2363
586 587
9786 9787
6074 6075
7648 7649
2600 2601
4372 4371
4880 4879
7912 7913
2044 2043
1990 1989
2723 2722
3958 3959
775 774
8051 8052
4597 4596
7779 7778
792 791
422 421
5258 5257
8247 8246
5057 5056
6493 6494
2461 2460
9700 9699
5102 5103
4730 4731
4629 4628
5651 5650
6318 6319
8541 8542
3199 3200
1735 1734
9224 9223
5856 5857
1284 1285
4440 4439
7433 7432
4341 4342
9069 9070
2592 2591
8543 8544
6786 6787
1643 1642
3147 3146
8331 8330
5511 5510
9702 9701
3309 3308
9417 9416
4144 4145
6469 6470
8907 8906
4644 4643
5804 5805
1502 1503
292 291
6207 6206
7836 7835
2805 2804
2730 2729
8067 8068
3190 3191
2857 2856
2549 2550
5026 5025
6767 6766
9461 9462
4353 4354
1691 1690
4954 4953
3894 3893
9760 9761
8520 8519
9610 9611
718 719
189 190
348 347
7239 7238
2351 2350
6021 6020
8444 8445
284 283
1 138
7839 7838
4470 4471
8904 8903
4 3
6376 6377
8342 8343
3832 3833
986 987
1855 1856
2573 2572
462 463
5094 5093
6118 6119
444 443
914 915
3319 3318
1717 1716
1780 1779
4735 4734
2562 2563
8901 8900
6767 6768
1310 1309
2838 2837
9225 9224
5355 5354
5991 5990
3429 3428
9397 9396
2738 2739
9465 9464
6147 6146
7738 7737
7312 7313
1260 1259
8064 8065
4705 4704
1280 1281
8278 8279
6980 6981
2185 2184
5879 5880
2038 2037
7725 7724
11 10
8304 8305
8583 8582
183 182
9031 9030
677 676
1 3
3391 3392
6462 6463
8654 8655
2092 2093
7950 7951
3008 3009
8540 8539
2983 2982
8640 8641
9264 9263
1144 1143
1950 1951
798 799
9333 9334
1265 1264
7255 7256
8570 8571
6221 6222
6304 6305
2711 2712
4145 4146
6072 6073
1585 1584
248 249
7595 7594
3203 3202
3514 3515
7603 7604
8533 8532
5701 5702
2989 2988
8140 8139
2543 2542
7476 7475
9734 9735
6134 6133
4054 4053
8291 8292
5262 5261
2715 2716
7977 7978
1174 1173
735 734
4083 4082
8645 8646
827 828
6162 6163
2306 2307
3443 3442
8230 8231
3993 3992
7142 1
7054 7053
8479 8478
8839 8840
2101 2102
1812 1811
2565 2564
3399 3398
2835 2834
5855 5854
6968 6969
4549 4550
2950 2949
4504 4503
7969 7970
9686 9685
7352 7353
7195 7194
916 915
2124 2123
5692 5693
7125 7124
6262 6263
7782 7781
2670 2669
5206 5205
6165 6164
431 430
1171 1170
5718 5719
6422 6421
6677 6678
5592 5593
1 9318
1804 1805
5451 5450
439 438
6609 6610
7223 7224
1693 1692
7007 7008
9050 9051
2422 2423
1 632
6854 6853
23 1
8349 8350
8151 8150
2621 2622
3437 3438
9758 9759
8588 8589
270 271
2200 2199
1766 1765
3274 3275
8017 8016
2893 2894
571 572
3528 3527
3172 3171
3967 3966
2586 2585
5690 5689
5255 5256
601 602
6704 6703
9655 9656
5492 5491
3185 3184
7339 7340
9354 9353
4515 4516
1920 1919
6583 6584
1505 1506
7043 7042
4402 4403
5148 5147
2760 2759
8777 8776
1485 1486
797 798
9056 9057
3554 3555
5180 5181
6324 6323
4231 4232
1696 1695
3694 3695
3471 3472
2820 2821
4104 4105
5847 5846
4661 4662
2996 2995
6539 6538
1462 1461
6732 6731
7766 7767
94 93
5580 5579
7698 7699
9534 9535
2918 2919
5313 5312
6579 6580
7664 7663
6516 6517
9962 9961
7068 7067
9978 9979
