1001 5000
981 46
705 536
493 918
424 112
529 920
765 775
688 158
115 64
975 751
426 387
89 880
845 167
742 977
803 670
199 682
335 135
264 786
1 309
579 582
609 19
843 1000
212 971
317 826
372 364
917 452
588 120
892 996
477 752
499 348
263 471
933 561
690 434
158 682
458 692
718 204
365 17
432 929
982 424
840 365
216 820
669 852
947 345
56 382
323 310
538 904
391 192
201 381
285 805
371 680
131 802
136 947
566 678
25 232
638 85
507 879
917 599
123 98
759 681
940 816
519 30
457 561
882 91
132 102
401 511
1001 247
696 78
104 45
691 601
860 21
82 868
961 239
304 593
216 451
863 883
745 643
455 408
537 151
126 295
292 368
529 287
524 357
967 370
50 643
797 859
4 962
141 589
800 302
686 959
311 729
89 950
465 756
230 636
717 895
59 859
77 496
816 415
702 227
220 485
819 116
955 571
120 231
827 238
11 134
477 63
485 96
436 158
821 803
562 475
123 602
736 150
589 207
67 279
387 686
174 782
402 92
95 851
340 873
688 133
144 747
479 137
446 325
166 219
735 998
112 226
35 394
848 702
36 777
730 192
51 276
128 831
963 972
655 525
164 975
110 431
846 658
865 50
493 304
190 828
823 983
709 292
53 260
286 949
515 400
120 771
74 164
417 951
864 921
825 749
284 412
798 856
23 502
899 499
922 787
161 105
130 738
616 559
777 602
809 317
54 532
790 305
120 676
307 81
258 453
82 937
62 837
805 268
913 831
188 456
745 789
486 115
633 431
637 491
99 499
78 490
882 616
99 427
826 602
155 708
838 549
21 581
165 33
536 101
192 184
838 980
697 62
713 359
925 906
617 229
161 331
150 711
301 778
290 517
556 322
938 379
442 850
607 369
697 770
308 195
554 960
325 228
665 758
713 662
508 370
609 555
622 308
567 551
518 651
182 141
113 683
637 83
177 843
92 202
64 912
47 246
121 252
892 46
802 544
286 500
776 392
525 235
717 555
945 421
939 982
978 105
572 115
518 327
574 987
461 250
201 175
146 911
19 142
578 969
456 657
384 723
611 424
475 405
801 525
572 914
273 182
812 700
520 636
902 736
783 650
10 612
518 995
268 934
103 504
892 53
387 560
405 868
642 600
752 365
6 194
465 605
85 105
89 94
399 972
789 201
810 978
459 147
720 780
953 480
135 556
376 729
27 637
769 415
464 233
104 268
500 382
483 279
371 419
958 355
493 976
670 663
327 524
766 938
301 135
988 692
757 315
715 332
189 285
238 118
60 549
758 49
662 688
237 335
470 110
936 176
289 15
508 813
778 237
401 576
112 257
324 174
233 793
188 300
234 455
33 486
343 267
350 814
49 695
814 393
493 634
806 596
654 382
273 358
100 710
582 565
323 505
1001 890
15 588
711 679
520 277
389 211
873 231
471 553
214 277
853 788
665 903
260 406
2 301
323 611
942 480
736 473
773 856
206 450
107 243
903 455
927 345
637 776
582 598
893 332
86 494
155 190
599 759
984 443
598 883
542 524
653 633
666 297
385 219
79 24
398 698
335 990
263 204
627 14
580 471
588 31
688 516
728 235
666 558
222 795
481 145
429 475
248 525
633 210
923 325
665 518
211 981
711 902
366 739
742 706
327 542
165 216
800 27
619 680
502 640
999 386
31 839
341 762
763 10
385 988
452 759
604 61
375 28
829 926
120 447
352 260
96 443
799 112
874 636
282 815
454 792
364 659
331 820
19 78
569 799
270 528
648 750
274 908
571 684
953 322
387 959
696 264
480 606
361 754
92 966
776 302
528 979
113 495
820 914
821 193
465 1
93 481
713 158
495 436
441 954
986 551
290 962
928 18
556 778
994 633
182 537
544 989
104 512
702 257
814 994
410 197
783 780
328 299
272 171
766 722
266 793
540 747
317 123
308 391
661 138
970 642
919 452
301 606
289 732
761 432
211 352
4 738
988 897
389 406
171 732
284 45
466 928
257 774
410 255
657 585
667 178
787 357
750 152
245 514
790 570
543 615
444 407
636 836
74 945
32 845
352 915
524 870
863 44
309 517
682 662
779 50
879 792
343 166
24 271
349 831
306 365
881 453
770 62
1 902
371 993
619 829
919 90
609 367
456 639
980 163
89 739
223 949
312 548
943 553
558 201
808 613
881 894
526 2
764 257
71 452
460 856
686 511
1 797
384 929
629 325
431 386
324 382
963 286
547 526
555 95
422 472
463 940
334 476
41 843
837 425
948 800
871 473
872 495
296 536
282 534
163 710
80 91
774 784
365 477
213 562
941 458
751 35
606 632
806 250
463 997
227 982
931 314
813 278
666 617
700 411
839 231
173 391
523 127
93 994
495 359
640 329
898 284
651 327
351 820
168 413
453 468
415 413
986 913
414 999
564 663
91 877
181 900
517 605
254 851
120 378
290 37
201 868
43 498
878 650
704 121
620 456
281 616
45 898
302 217
194 910
46 584
578 209
161 862
854 212
450 850
994 414
143 582
429 297
105 862
295 416
739 538
659 781
642 269
897 458
661 159
21 655
508 168
319 910
82 229
738 902
696 19
45 512
239 166
361 972
753 283
297 109
736 187
893 715
923 809
369 251
135 942
557 635
572 501
863 579
581 235
101 689
392 68
736 797
61 957
487 489
448 968
611 505
542 651
348 99
950 904
59 797
74 975
927 550
405 666
134 394
292 877
970 212
49 487
389 846
158 683
679 290
303 724
889 60
48 353
54 479
139 932
856 907
741 328
761 512
879 323
83 753
33 810
721 239
928 790
925 325
941 343
513 195
335 480
466 430
784 226
904 389
510 114
440 692
35 920
458 267
610 774
221 736
604 994
492 909
110 633
784 569
31 15
334 174
762 519
469 909
478 634
723 263
687 101
940 532
662 787
917 411
762 498
689 823
794 973
718 268
470 414
245 242
151 358
518 49
408 518
655 728
804 137
808 55
958 256
597 484
284 268
510 304
406 126
15 447
361 286
110 999
729 123
961 219
150 51
553 268
907 531
653 236
690 252
106 332
484 596
96 141
193 280
700 681
843 391
372 853
947 574
449 66
70 152
485 273
33 572
652 320
249 999
696 42
874 548
489 66
458 961
990 162
469 663
791 971
845 544
1 859
19 849
538 416
38 148
909 280
566 575
905 383
376 777
689 205
53 658
322 480
408 995
959 401
741 534
585 300
570 18
298 433
775 390
420 291
646 844
922 133
403 642
613 341
592 667
200 245
957 414
4 902
579 44
591 560
237 241
976 932
651 408
756 4
89 260
767 727
195 170
678 807
784 424
768 168
797 309
826 777
745 178
500 399
787 516
310 424
493 510
476 286
344 708
637 217
38 422
238 47
203 175
675 15
348 557
799 848
174 973
273 970
538 584
325 906
378 447
862 115
863 143
203 868
229 50
285 723
613 217
191 41
996 73
100 529
191 192
292 616
466 682
155 828
151 642
926 423
242 514
497 781
537 141
777 906
826 894
825 549
406 366
230 836
969 121
352 94
31 447
898 934
320 15
439 546
196 454
17 716
566 79
852 851
355 169
105 216
372 114
6 933
610 848
877 563
595 521
967 567
925 453
106 251
977 966
111 893
738 290
977 700
404 966
495 683
380 917
779 937
68 388
405 789
690 63
95 901
436 688
938 568
303 924
440 385
552 244
45 723
66 77
608 296
711 756
666 562
40 470
38 172
930 409
683 713
879 112
983 181
295 406
78 42
924 884
157 826
82 562
590 700
830 466
157 376
455 66
294 239
957 110
347 983
399 649
600 641
381 203
948 27
848 694
871 962
421 838
368 91
56 476
290 871
153 523
393 87
759 423
339 515
370 413
369 106
2 523
316 138
587 399
58 36
336 287
333 19
752 969
588 247
868 297
18 359
949 488
958 134
296 181
908 694
333 42
764 310
39 483
78 717
934 541
226 799
599 590
144 113
126 352
756 605
424 671
184 730
237 942
272 732
177 864
302 388
785 16
973 223
45 384
31 890
171 231
1 517
923 258
127 162
114 976
930 801
113 436
162 2
366 584
233 515
999 40
346 586
126 658
671 784
606 162
219 239
297 342
233 339
501 638
618 765
881 311
542 489
319 757
48 636
538 211
438 410
422 586
660 766
506 827
257 799
106 140
671 505
115 165
218 867
703 663
725 785
873 983
835 915
448 583
214 22
925 311
656 79
473 4
497 372
649 533
353 819
951 15
438 866
500 699
508 831
908 671
672 112
445 654
64 451
2 135
31 417
751 822
702 196
576 148
187 51
939 610
990 577
517 962
829 590
195 921
982 848
20 576
349 370
610 784
351 638
551 435
907 32
890 272
216 64
624 300
16 428
966 917
323 982
565 583
870 995
974 496
512 541
629 311
104 718
427 543
246 619
513 173
160 989
580 268
936 390
888 245
937 789
148 426
877 80
265 458
772 91
803 159
340 951
196 227
901 155
240 886
616 80
663 280
1000 921
495 682
213 429
451 486
63 752
272 231
679 797
649 56
747 466
104 898
902 465
962 679
46 406
644 600
485 685
248 409
634 824
426 422
782 360
966 202
888 834
847 322
150 276
658 89
15 732
133 830
380 742
739 611
173 622
568 722
110 236
816 769
40 957
189 45
1 4
734 692
715 222
391 513
517 37
820 486
127 354
506 731
411 706
63 716
73 126
354 322
763 817
622 955
763 545
524 903
629 36
336 825
159 670
961 440
592 475
423 700
630 714
826 453
137 255
146 100
222 140
864 513
215 460
446 602
846 904
866 816
702 982
821 909
410 463
339 464
760 433
822 60
288 831
725 16
620 300
380 926
310 694
418 701
277 353
585 356
729 602
688 199
197 832
297 201
989 531
293 807
491 250
639 620
213 643
203 178
551 168
547 990
628 768
240 361
394 663
144 18
80 341
90 829
275 80
315 561
652 588
950 295
781 976
265 988
789 429
380 599
764 610
411 452
474 136
879 848
509 576
505 774
493 372
175 297
478 139
950 126
877 281
884 719
858 152
43 86
207 132
93 431
414 814
950 46
728 248
179 812
615 595
272 652
952 630
478 364
434 63
102 984
378 340
334 399
274 879
794 286
583 579
532 552
723 934
114 901
697 253
747 199
92 829
304 659
151 273
178 562
412 541
873 320
67 474
324 122
535 12
553 805
765 741
521 557
966 812
592 297
357 449
828 932
454 879
505 424
422 959
899 427
718 384
284 432
68 887
667 342
676 965
971 207
215 544
781 918
276 859
412 512
306 17
801 409
950 915
867 921
137 744
66 327
926 404
685 984
374 815
421 336
803 138
70 648
992 370
716 209
801 248
789 229
408 758
680 233
229 405
786 737
316 623
771 873
347 916
590 179
284 285
740 11
351 115
487 357
274 939
347 705
606 153
718 471
285 204
323 702
973 886
74 751
580 943
305 787
702 454
8 347
580 432
971 273
37 150
727 279
705 181
141 854
605 290
612 978
681 90
805 929
695 726
719 863
903 234
213 789
563 55
77 726
74 980
767 474
495 305
545 820
875 944
334 223
53 46
980 920
355 332
563 368
541 723
475 229
812 402
835 94
52 960
623 803
816 54
537 600
555 142
486 572
156 273
549 920
889 684
687 536
367 42
647 279
944 456
674 546
923 228
383 477
441 200
324 973
556 241
193 703
563 341
101 902
500 56
589 156
411 92
58 894
529 911
839 171
253 770
18 713
753 302
991 392
66 707
11 661
672 671
632 301
167 544
351 612
500 445
693 722
135 480
853 932
439 306
17 121
550 767
881 468
707 408
18 430
563 772
370 628
430 495
157 629
899 99
189 104
302 484
146 287
257 310
387 896
262 369
683 144
120 839
37 736
594 865
741 811
279 550
45 285
399 488
360 445
153 480
59 473
269 971
279 744
478 976
683 662
987 345
939 226
747 305
320 272
912 978
442 16
688 928
102 151
100 751
766 568
221 756
328 390
949 361
399 324
804 832
226 274
759 706
325 809
250 596
999 61
687 705
525 373
230 548
179 759
986 168
72 111
585 188
682 18
410 997
649 886
213 868
653 210
437 88
729 258
364 593
906 467
528 833
358 641
304 497
830 683
626 97
206 725
925 894
275 292
115 161
261 827
63 306
709 616
130 605
105 820
212 641
289 340
665 487
957 481
701 375
357 66
78 142
437 946
914 115
375 418
380 71
179 404
967 628
950 996
345 550
843 864
376 629
332 111
8 296
921 308
988 941
49 224
747 830
239 440
970 537
889 100
249 414
447 676
907 544
479 255
976 497
180 557
322 241
892 406
613 292
1 738
724 143
426 959
643 229
834 786
182 96
613 362
17 63
555 490
732 839
463 866
440 458
289 588
784 982
819 312
562 937
493 659
130 902
434 969
324 500
993 339
276 59
98 923
873 417
432 268
828 901
948 991
570 682
950 880
210 122
236 393
553 698
344 788
51 465
640 328
448 863
207 984
333 254
634 918
162 322
575 293
809 446
911 35
697 25
609 78
40 481
710 889
232 425
635 348
163 35
185 293
660 946
987 727
380 423
603 29
985 439
165 64
495 790
899 557
123 58
447 675
493 901
682 683
109 594
655 855
187 4
862 486
973 382
23 22
549 100
654 500
286 334
731 261
675 171
395 900
983 205
568 88
933 869
83 991
61 210
942 632
672 774
956 806
204 189
213 75
121 546
381 342
647 767
553 580
111 715
692 385
621 883
174 382
221 711
738 797
139 510
295 584
789 666
84 511
562 201
724 598
398 45
852 895
345 279
824 510
492 280
914 486
226 702
872 199
848 792
714 528
203 558
524 408
625 862
358 96
695 542
281 559
545 673
727 550
763 105
522 418
807 271
746 374
821 316
901 593
578 614
912 820
891 496
107 770
567 128
945 60
628 435
854 96
163 964
754 794
791 854
972 654
346 472
703 394
118 506
714 952
465 4
611 227
706 423
389 996
118 601
754 476
114 190
422 20
381 865
41 170
587 286
192 513
429 617
749 631
590 919
311 376
697 425
869 363
597 637
161 612
776 27
516 790
953 135
896 401
144 133
208 311
713 922
111 369
388 503
350 431
926 71
289 247
900 205
748 6
417 732
981 846
540 158
723 761
366 880
644 641
822 838
119 539
112 702
468 98
597 596
583 884
773 544
100 838
738 221
322 942
904 260
704 614
240 488
872 158
436 713
191 1000
804 438
308 864
405 667
410 769
575 678
700 71
177 192
604 814
880 739
352 880
953 632
800 484
297 475
637 392
862 978
445 174
906 228
563 559
797 871
927 647
43 70
734 343
711 465
299 23
104 805
308 170
73 904
234 487
27 217
326 230
834 441
202 502
660 722
785 850
600 443
976 190
272 340
818 938
46 73
7 353
848 505
625 115
37 605
495 133
578 252
25 253
820 501
532 832
794 56
808 91
585 624
343 265
253 107
689 395
53 904
56 949
109 666
632 526
120 873
33 862
87 470
980 336
900 916
742 829
947 279
970 685
782 361
954 12
166 291
561 6
697 107
465 517
401 172
405 865
844 620
990 354
951 652
200 737
286 782
696 142
809 468
211 416
393 481
898 512
264 19
13 783
527 148
642 854
198 234
639 624
698 805
341 709
299 936
357 758
320 31
392 283
363 910
547 733
372 824
84 509
479 197
911 964
670 909
539 232
527 576
792 507
30 616
602 894
173 843
917 202
189 432
329 775
85 33
854 589
445 754
687 900
778 733
892 950
587 334
306 383
389 892
11 492
157 228
798 32
749 60
525 314
46 739
160 215
973 500
830 713
797 150
101 181
336 920
768 813
58 906
79 293
77 455
753 596
529 60
533 286
164 920
465 871
131 907
570 830
476 782
322 632
956 637
792 908
862 216
180 521
486 331
191 184
862 572
284 189
663 492
957 393
9 522
472 560
201 745
445 488
421 825
36 906
273 220
365 578
146 889
106 355
524 49
172 959
867 730
201 213
236 604
603 650
733 953
833 979
134 280
597 250
178 868
412 723
479 438
886 399
472 20
470 994
262 106
737 888
868 558
324 240
523 162
100 911
574 927
250 27
621 863
495 713
236 481
373 21
361 533
747 495
642 212
939 671
707 327
375 9
672 908
68 302
977 917
162 778
213 229
980 164
577 313
333 367
722 124
581 855
784 792
308 843
224 408
532 255
433 152
465 37
935 124
844 657
322 301
993 419
484 27
491 800
99 595
288 370
195 191
674 365
875 755
712 106
976 139
2 153
497 853
587 963
230 819
516 466
579 448
604 414
699 286
182 589
869 748
194 869
294 166
343 186
516 133
921 571
948 637
754 56
136 647
292 55
426 84
855 248
372 593
694 610
301 942
685 443
386 470
740 159
473 465
325 602
955 921
757 225
7 548
570 466
655 373
993 515
409 373
277 116
990 556
734 897
708 853
560 586
473 290
66 49
403 207
661 397
546 252
645 595
184 867
17 674
631 163
102 269
546 842
87 414
756 679
629 923
651 695
941 294
610 792
942 847
392 491
1000 184
848 939
766 818
916 536
501 912
716 121
23 640
877 762
768 278
829 759
494 648
120 31
174 223
659 510
51 1
964 60
621 924
612 572
839 340
659 530
359 113
467 311
617 475
613 772
841 950
460 167
463 804
80 613
164 146
604 210
529 35
500 174
879 424
112 694
387 422
486 105
957 604
240 963
945 889
761 412
225 319
762 613
91 281
23 125
726 903
245 737
593 155
229 594
843 184
225 910
227 694
763 625
987 67
590 452
179 452
905 34
492 193
406 981
549 631
969 383
731 246
39 574
505 672
553 723
445 794
615 899
740 958
968 582
411 681
634 114
406 538
21 728
351 545
928 359
969 546
556 547
742 404
385 721
208 123
783 720
190 372
896 686
143 330
446 317
140 712
83 217
349 551
335 523
999 994
604 145
564 394
82 342
804 816
841 53
73 295
506 246
692 219
493 190
663 821
237 547
745 617
884 598
722 938
819 520
957 93
905 752
517 130
511 576
700 452
881 629
699 949
69 504
779 667
73 846
512 718
979 796
497 708
283 461
608 705
389 841
164 825
769 866
582 924
721 343
73 211
5 215
305 570
541 285
530 139
742 411
611 671
73 406
931 21
109 937
156 600
973 782
948 597
596 948
919 202
527 959
193 803
783 603
391 571
458 343
753 948
60 421
936 502
201 429
566 24
440 721
986 992
386 393
837 107
59 679
390 741
111 106
321 363
886 286
379 935
145 122
664 285
512 929
110 994
438 415
794 476
196 424
98 894
724 579
461 388
501 64
736 59
741 640
42 490
419 233
996 915
368 30
736 465
703 803
679 465
432 471
632 556
90 812
873 965
590 402
691 827
330 621
114 139
655 314
132 269
833 998
467 446
455 198
94 126
89 996
662 436
162 847
164 945
354 301
955 177
572 451
670 394
613 30
387 84
86 70
330 44
362 275
249 236
538 915
871 150
360 949
809 98
650 338
305 713
529 710
429 643
865 213
189 718
952 270
299 765
320 676
722 946
466 787
609 849
306 546
85 820
113 466
93 386
241 606
361 174
733 354
628 128
607 222
503 956
589 485
567 435
425 770
166 265
852 95
151 207
958 909
470 604
591 84
793 371
215 531
105 501
27 753
524 224
775 22
161 625
282 23
847 153
451 331
258 376
516 18
128 349
623 661
936 618
41 218
668 298
11 670
220 156
194 429
148 959
260 126
797 962
181 916
884 883
93 249
141 685
715 251
171 120
158 787
501 625
813 288
25 97
834 693
867 864
18 495
707 665
488 334
794 488
455 487
991 250
741 282
128 913
709 808
195 867
125 176
540 830
707 455
944 646
138 397
170 173
456 300
96 600
836 874
998 952
404 829
381 667
852 555
530 344
155 364
215 131
877 772
641 403
597 956
366 658
257 227
434 840
228 629
862 85
446 906
43 494
488 972
354 335
135 354
711 962
634 510
897 239
777 894
726 665
31 247
510 478
445 361
755 620
173 184
314 855
526 606
342 562
201 617
155 372
28 701
302 887
875 639
386 210
898 698
908 879
846 915
610 227
901 497
797 756
705 916
800 503
204 934
761 189
712 169
471 698
671 879
139 304
10 820
8 608
293 678
405 429
446 729
144 688
532 463
854 644
89 352
138 193
203 429
34 252
298 86
197 54
159 564
596 776
576 422
33 451
642 141
616 368
307 57
326 836
612 763
534 390
247 771
757 457
270 979
394 492
948 392
825 35
77 695
446 453
178 643
556 480
709 281
258 311
846 46
273 537
748 319
859 962
220 269
346 686
630 833
288 435
525 581
694 671
987 279
706 590
457 319
750 498
771 588
889 631
90 71
399 360
36 467
570 436
71 411
817 912
121 690
366 129
252 365
639 657
1001 588
567 508
367 555
950 53
694 764
257 611
991 800
414 93
697 232
606 847
253 243
560 172
421 911
338 743
25 407
414 236
976 824
338 876
630 270
392 217
841 295
524 489
34 546
674 969
248 655
378 588
921 173
219 721
324 56
794 382
305 133
751 529
567 288
286 360
221 309
94 841
212 589
419 464
813 551
673 486
110 210
908 982
800 250
254 367
10 486
962 51
132 220
631 945
913 967
527 401
296 101
680 419
541 384
730 864
153 953
254 78
478 828
841 538
175 213
712 332
663 138
692 239
688 495
807 185
586 148
885 780
378 320
751 710
174 699
844 866
402 599
192 867
659 634
645 180
523 606
841 880
226 611
254 19
231 340
589 537
553 512
898 723
975 920
503 991
298 858
782 500
26 246
174 533
207 641
417 652
966 452
847 135
866 137
996 211
158 133
905 252
693 818
455 695
117 616
973 476
803 397
281 80
145 957
235 801
78 95
235 669
758 449
354 526
35 164
136 727
756 276
416 126
203 213
317 923
112 196
644 96
566 656
574 727
679 37
114 824
742 812
942 547
857 290
224 726
538 53
965 675
239 458
887 491
201 666
448 565
647 947
369 715
422 560
282 299
650 885
889 825
33 817
963 649
135 127
416 584
44 724
49 408
275 613
645 677
151 156
893 262
810 85
970 141
636 116
469 138
788 510
610 196
852 19
1 221
69 103
200 786
156 970
849 851
340 171
240 587
935 693
469 193
467 925
571 41
62 232
642 207
135 778
366 352
876 878
44 143
790 830
895 254
739 925
649 445
393 93
290 465
350 470
810 625
431 249
642 589
698 104
70 668
666 937
861 506
360 794
71 599
539 444
198 487
351 105
741 299
986 768
481 999
470 236
921 192
198 870
888 535
675 320
681 917
733 237
243 444
51 59
219 988
516 928
547 953
607 795
382 587
565 884
873 839
865 868
703 740
636 277
431 814
880 658
132 443
563 80
344 155
733 135
949 500
549 911
228 317
494 498
295 996
433 86
426 591
664 45
508 413
98 317
476 699
445 324
134 740
591 527
489 455
55 91
961 294
132 358
750 298
920 287
729 453
870 518
409 860
63 546
135 547
564 11
827 601
858 498
569 424
676 890
655 801
281 341
797 130
1 857
516 113
989 845
216 638
382 649
63 383
578 546
393 145
674 439
181 608
271 575
327 665
749 100
617 865
165 351
484 776
212 791
263 934
1001 951
689 983
714 735
171 771
793 400
476 972
892 211
559 519
578 985
49 870
508 435
507 982
475 667
605 1
126 880
662 144
611 784
741 775
985 704
851 264
20 401
619 691
104 541
785 442
745 109
219 267
578 716
111 140
705 101
444 425
914 331
485 854
227 671
472 38
476 361
316 670
340 15
38 346
235 373
965 652
526 480
1000 177
175 594
249 604
199 713
685 403
672 610
71 402
122 110
209 63
310 454
370 551
612 862
750 668
964 748
305 516
969 209
859 738
146 749
818 437
787 495
301 953
361 488
954 888
595 427
82 475
300 844
540 662
490 573
581 931
685 182
855 235
555 264
977 202
250 753
622 170
657 875
677 180
842 905
954 786
525 855
597 491
285 412
795 106
805 432
419 793
844 875
316 661
560 426
712 369
358 182
485 644
454 774
435 128
276 871
61 110
165 914
529 975
335 127
883 719
887 991
828 634
226 672
594 666
537 685
536 181
571 843
302 83
262 222
751 964
542 758
912 105
199 18
562 667
845 531
256 397
945 822
167 989
115 331
263 284
826 311
335 2
290 130
392 461
225 561
364 708
207 269
859 736
879 611
485 971
432 723
939 879
963 174
992 967
616 808
372 828
475 75
881 467
741 502
720 29
591 38
279 474
718 398
658 739
941 186
778 127
842 252
969 306
210 93
155 510
219 440
729 58
356 755
859 4
95 895
467 228
985 752
653 61
29 743
335 733
113 830
231 965
282 811
822 164
900 689
837 119
841 981
334 886
289 231
132 618
739 846
89 73
648 498
804 744
157 453
503 484
516 540
366 538
932 510
168 128
563 613
203 297
434 985
571 308
895 851
1000 571
774 908
755 188
779 381
189 723
631 60
220 443
214 329
839 588
948 503
641 854
352 996
824 593
3 65
440 265
680 266
907 167
185 575
306 578
455 518
886 174
894 923
155 659
211 295
709 55
389 352
227 939
862 817
494 858
841 260
901 510
807 656
435 413
410 816
347 101
650 29
883 968
572 216
972 949
608 823
515 419
51 857
890 171
403 220
654 223
597 68
42 717
203 789
81 244
694 274
452 404
809 123
357 995
360 334
102 791
449 695
188 356
689 536
730 571
206 16
904 406
758 903
699 382
872 436
745 865
92 759
865 562
936 775
933 194
882 613
251 607
151 970
407 119
502 775
704 17
760 858
400 233
926 759
730 170
173 864
33 978
644 970
260 129
620 188
866 415
156 358
319 321
711 517
35 74
491 956
90 402
320 120
165 612
928 144
899 348
97 407
47 861
922 113
171 652
269 685
13 780
171 965
822 920
54 463
688 830
806 776
863 598
228 729
507 310
421 889
787 683
750 858
295 352
897 692
52 701
552 154
663 316
490 264
284 398
315 748
594 937
583 582
702 310
98 208
669 801
186 961
966 411
329 502
656 185
443 269
283 887
53 366
779 789
709 519
582 330
747 133
975 100
402 966
175 779
992 278
692 166
67 550
789 562
608 900
904 366
136 483
140 795
441 737
447 652
170 843
115 673
835 73
526 942
872 430
961 166
293 24
964 549
942 2
568 124
140 72
982 569
659 976
72 369
246 238
988 166
926 90
483 345
386 604
183 318
389 880
119 444
350 481
915 981
402 706
44 565
641 485
553 541
845 856
479 832
331 33
873 951
446 208
791 358
306 614
59 150
347 900
187 857
872 928
195 955
662 18
299 214
703 397
761 263
140 607
963 973
351 85
538 260
780 338
608 916
704 306
83 27
993 266
651 455
780 743
51 711
685 589
908 226
640 390
892 126
804 769
857 859
208 317
971 537
677 409
849 717
137 197
311 777
193 661
429 592
485 443
75 666
717 333
547 778
814 633
435 992
15 873
63 578
64 85
6 869
47 619
857 517
282 765
845 160
147 3
236 40
959 346
399 654
145 431
634 344
629 58
1 187
885 603
602 317
547 162
632 354
676 378
982 112
325 157
449 489
875 620
860 655
648 668
905 578
576 346
339 419
849 367
676 171
718 664
800 753
594 789
363 6
94 584
452 829
811 534
9 960
359 682
817 612
955 41
977 423
449 487
827 731
275 563
486 85
260 584
709 30
259 950
785 450
654 699
401 346
763 216
881 602
669 860
228 925
969 63
314 21
919 423
797 221
191 513
482 117
774 671
289 839
749 74
943 45
722 88
196 671
493 932
166 721
263 384
136 767
175 342
786 12
649 476
480 778
594 562
382 963
645 615
939 112
951 31
228 208
874 819
847 354
573 555
883 330
596 491
120 652
257 196
930 248
199 144
121 614
185 735
492 821
748 321
914 105
898 268
173 308
133 790
924 608
498 760
317 376
27 887
707 449
838 975
659 708
716 969
503 250
41 513
491 484
397 492
883 44
151 644
582 44
569 274
860 581
81 684
473 51
652 247
415 197
60 838
268 189
734 988
587 361
378 231
429 75
661 821
834 514
376 208
928 305
11 394
991 753
64 673
959 472
607 169
315 910
428 785
903 695
161 85
589 641
874 7
108 420
501 612
970 96
381 50
912 612
486 625
371 266
685 641
384 698
963 949
990 847
168 628
334 324
519 613
535 737
809 157
434 614
795 111
545 612
487 77
839 951
229 745
835 260
220 854
607 332
172 20
475 789
74 287
781 139
843 867
172 422
914 64
306 716
667 82
987 136
721 186
763 115
536 983
330 719
150 859
648 760
232 253
518 489
712 607
40 604
929 664
660 818
159 663
851 573
636 312
705 8
969 614
841 658
906 894
85 545
36 925
492 958
172 576
255 866
189 943
613 368
702 424
180 635
742 966
848 784
651 903
814 481
114 659
275 882
34 439
100 421
822 146
525 930
382 360
973 649
840 209
94 366
853 593
88 938
10 85
58 602
697 626
65 459
489 661
689 347
31 873
528 796
590 404
429 178
392 302
186 265
686 509
227 323
386 61
262 251
124 660
227 226
559 882
524 726
728 860
779 75
310 672
903 327
388 806
920 100
928 199
675 272
216 545
463 479
924 579
147 116
858 648
966 590
786 888
754 360
34 306
454 274
13 876
301 847
854 182
691 26
424 908
640 775
451 161
345 67
733 990
212 220
852 849
984 642
448 598
447 951
779 405
989 32
361 973
141 132
177 730
150 902
940 866
756 736
140 369
306 477
616 772
171 1001
646 620
311 602
863 582
837 253
425 539
904 835
10 914
520 116
116 326
204 398
189 929
587 886
1000 622
56 334
299 390
792 569
294 734
228 826
584 841
640 282
880 892
656 575
909 134
179 423
34 985
284 761
698 718
463 438
77 870
406 89
904 584
940 255
292 341
30 292
632 237
216 978
449 524
758 695
55 341
297 558
165 625
627 146
892 73
303 565
530 114
606 135
457 933
797 473
137 816
673 331
883 924
704 383
880 835
919 812
867 173
436 747
354 241
859 756
943 718
951 771
461 302
244 462
387 148
218 173
188 875
149 983
239 385
15 676
610 323
129 295
249 633
204 761
132 644
48 312
536 845
382 361
297 594
995 327
515 793
956 596
484 388
738 276
135 322
926 590
60 74
388 27
923 729
454 908
681 404
399 476
389 94
304 190
18 133
686 20
922 305
926 202
815 746
816 832
862 820
672 799
679 187
10 638
349 413
843 218
421 35
564 703
835 584
619 601
687 296
130 309
402 742
890 839
37 4
847 556
791 403
573 95
285 898
198 408
260 880
849 555
207 156
992 913
718 934
254 609
521 635
897 267
945 710
617 558
336 945
189 398
706 90
593 493
631 146
916 296
823 687
751 911
645 499
633 999
430 436
58 826
347 608
353 520
846 835
122 61
727 345
473 276
222 111
833 796
685 102
323 908
145 470
739 260
132 485
538 880
904 46
241 523
304 114
316 256
898 541
221 859
576 387
916 983
805 943
169 222
739 211
911 74
328 22
153 354
824 932
926 917
165 810
222 106
85 912
269 212
380 179
431 414
506 691
576 586
256 623
49 198
64 820
666 868
258 467
8 149
951 965
445 533
66 408
935 766
825 529
429 745
129 904
331 763
134 138
395 205
835 53
353 326
999 393
421 822
17 34
703 159
434 842
60 35
664 698
226 848
138 280
136 67
686 527
890 231
577 76
514 12
388 776
972 223
654 949
237 153
474 927
75 937
89 835
616 613
752 121
14 396
934 929
604 93
738 187
184 864
683 199
769 997
820 638
265 267
229 429
989 131
619 118
77 449
368 281
673 820
350 210
355 369
32 5
718 412
922 516
993 464
586 20
110 93
467 98
198 665
193 909
889 975
501 165
744 410
2 354
631 100
88 124
549 975
971 141
794 963
703 661
919 742
664 204
301 480
40 653
784 227
421 549
260 94
472 527
957 470
986 567
902 859
821 138
791 96
327 487
23 741
821 11
719 582
89 892
264 142
580 412
577 881
194 363
545 486
795 369
785 206
200 834
817 625
571 867
674 690
207 854
760 70
13 878
238 731
900 983
730 955
490 895
920 911
647 474
639 585
258 468
930 669
503 753
305 540
483 767
957 386
334 973
501 914
149 395
291 108
251 222
373 669
796 952
918 364
560 896
226 982
923 925
304 788
634 932
859 711
66 758
80 808
312 326
11 256
242 12
73 416
635 499
160 798
808 882
355 72
176 811
6 910
981 538
507 939
738 736
140 169
759 71
204 580
758 77
104 432
538 996
346 896
827 47
825 60
606 778
331 165
889 838
343 239
714 796
950 94
295 915
792 323
560 38
393 350
11 138
164 287
218 571
292 91
911 889
744 832
792 982
990 778
748 933
794 949
418 578
266 400
463 137
610 257
98 376
828 530
991 491
882 281
328 176
792 505
943 285
378 247
707 758
176 502
146 838
740 193
168 349
256 564
771 965
734 941
484 461
21 235
176 741
209 383
205 8
534 640
812 926
368 709
749 549
161 914
68 948
488 174
236 61
287 838
405 203
940 804
298 152
977 71
478 497
674 752
425 407
437 124
473 187
262 111
553 384
848 671
625 612
413 768
719 565
782 223
964 920
912 165
708 372
112 310
591 509
867 622
263 580
54 940
252 752
955 843
966 926
263 929
801 314
805 45
36 468
823 347
666 475
366 915
136 279
189 664
599 423
145 61
177 308
722 379
631 35
274 784
1 150
363 933
272 289
960 418
689 296
392 83
176 775
335 162
408 903
23 397
44 598
879 610
857 465
118 26
877 341
884 303
844 585
660 379
608 101
566 807
990 241
673 978
35 945
594 592
828 853
583 968
324 587
779 297
290 276
667 868
44 924
679 857
288 551
937 667
311 317
896 20
623 909
243 539
388 887
372 788
993 793
721 458
357 489
569 879
567 813
260 46
569 611
360 174
346 387
354 942
668 760
814 122
562 868
294 267
434 439
59 4
859 473
752 209
209 985
286 382
37 473
382 445
901 932
5 802
628 567
162 526
962 150
783 876
89 389
997 197
867 1000
249 122
87 61
365 383
365 121
908 569
124 154
500 488
687 149
185 678
536 149
221 465
717 95
618 282
851 490
763 85
33 912
665 651
679 150
186 692
249 814
460 989
51 756
45 204
661 134
866 54
249 393
164 421
32 215
462 154
920 74
854 685
259 183
297 865
943 471
400 337
923 467
906 729
497 788
85 165
58 157
964 35
702 671
883 579
968 719
35 549
51 130
518 234
311 923
980 975
172 84
490 696
434 252
485 642
455 758
351 216
996 739
973 488
541 204
79 678
167 798
592 229
989 802
146 980
787 747
411 590
216 914
788 530
231 732
10 545
98 906
873 378
174 794
551 913
319 933
527 20
443 156
912 486
552 462
617 297
627 396
773 798
91 108
142 609
49 234
658 406
106 72
771 417
488 223
521 348
660 935
943 268
796 735
549 751
628 992
129 880
746 259
83 491
679 859
50 203
555 19
394 138
594 779
570 662
441 535
526 241
796 630
527 346
604 393
922 18
110 604
861 238
681 380
932 918
622 192
178 594
452 423
694 774
201 865
973 286
716 985
507 569
401 591
192 218
776 887
214 765
140 251
223 240
835 950
336 60
82 109
952 735
600 207
292 80
109 201
361 56
144 790
43 905
184 391
986 628
446 258
502 214
458 294
54 744
58 467
226 196
213 178
731 619
822 975
119 97
149 181
96 273
956 991
358 589
146 35
22 125
919 599
549 529
256 803
284 471
417 965
683 570
825 911
487 695
408 542
511 959
700 706
325 453
131 5
997 832
454 507
894 468
927 279
304 824
781 155
762 91
244 57
45 718
474 987
82 381
779 201
889 74
421 920
265 294
148 560
662 495
957 249
6 319
420 351
161 165
570 872
774 799
48 548
475 558
95 367
163 838
745 82
9 554
782 56
603 26
122 40
228 311
215 856
844 356
149 205
519 281
881 826
367 142
289 951
730 622
453 376
568 946
934 553
562 203
644 207
8 101
745 667
94 996
953 526
341 808
201 475
98 58
60 146
950 73
542 487
455 542
570 113
806 948
38 576
644 642
150 465
800 68
308 41
973 399
359 830
194 457
754 240
190 344
123 826
663 193
958 661
789 617
596 83
490 852
893 795
965 447
139 593
945 163
822 749
255 438
939 784
884 143
227 310
576 472
984 644
537 156
366 416
547 632
163 751
274 310
56 533
713 540
411 926
465 859
97 425
742 90
410 804
159 623
686 84
358 854
701 522
593 478
775 23
57 81
816 197
163 975
685 358
129 73
217 887
514 535
682 144
941 265
304 901
384 512
855 930
11 909
630 735
688 305
638 331
553 398
182 207
983 8
10 165
326 7
398 549
97 107
928 570
75 381
47 261
572 638
448 883
782 949
468 157
869 315
893 72
972 445
923 36
33 914
914 612
142 851
559 80
292 281
949 445
326 48
234 870
4 517
597 302
954 245
216 161
264 895
391 170
414 61
877 616
200 888
319 869
903 66
964 100
573 717
314 248
492 670
470 999
904 89
913 288
211 584
637 991
835 892
874 277
35 975
510 828
869 225
384 432
113 430
295 46
284 664
83 503
150 187
841 89
823 8
446 157
384 898
738 517
791 151
824 190
203 342
902 797
641 971
991 68
846 584
929 412
966 700
773 907
476 445
645 521
252 716
138 492
85 914
843 730
558 82
675 951
206 428
274 507
431 393
580 398
717 852
971 358
865 203
352 950
389 416
78 851
705 689
885 878
464 515
540 872
582 448
430 830
130 37
187 309
704 63
715 262
268 512
179 977
282 390
857 962
378 652
958 564
889 336
758 518
116 836
274 848
295 538
923 376
996 846
394 821
78 367
55 559
252 383
637 283
573 852
116 48
765 125
173 955
495 199
288 413
921 622
538 892
537 96
587 649
299 534
19 851
317 729
523 556
220 641
96 685
919 71
576 84
984 589
530 708
580 664
397 280
362 563
899 521
22 534
199 830
32 131
931 409
461 800
539 97
740 821
370 128
92 742
138 564
740 469
720 13
922 144
733 523
457 910
342 594
823 395
96 641
274 671
787 790
196 274
950 584
750 760
871 857
782 649
483 947
447 231
187 859
586 426
473 902
453 923
816 255
759 90
29 885
998 528
612 85
191 308
36 157
234 726
994 431
592 203
762 275
314 728
96 156
931 930
565 883
453 208
739 389
512 580
404 402
576 591
405 937
283 776
806 83
922 430
160 32
570 495
859 871
564 740
71 179
366 211
690 17
369 893
793 680
6 321
886 654
847 523
981 260
50 667
269 151
924 968
95 696
209 842
756 871
793 337
709 362
241 733
646 755
872 18
779 745
579 143
781 114
761 398
262 355
805 263
888 12
500 754
809 228
274 323
669 855
336 74
736 711
260 73
77 327
835 46
141 485
438 422
20 84
163 336
956 753
544 531
971 642
363 457
733 847
90 411
1001 320
533 500
215 907
131 798
612 216
318 815
449 651
66 234
876 743
569 694
525 21
416 904
803 958
506 26
922 359
798 215
934 761
437 938
762 808
59 871
435 768
850 206
316 394
334 972
959 896
200 242
963 360
94 406
240 972
379 437
959 84
555 696
911 164
157 602
497 190
948 83
690 34
677 99
211 94
417 231
321 561
351 331
858 935
50 175
42 142
262 795
203 475
806 461
813 370
957 122
946 938
355 251
457 6
703 909
664 541
584 129
373 855
592 865
965 289
954 737
546 752
738 150
139 659
340 447
643 617
968 565
197 744
2 990
21 801
518 903
904 739
192 41
55 368
11 280
64 817
713 682
442 428
686 560
831 567
468 446
158 928
917 71
615 427
290 859
329 534
653 604
264 852
510 364
564 316
150 473
326 277
587 973
879 257
109 229
36 311
599 812
882 368
273 269
643 109
976 901
229 342
157 208
442 725
435 967
148 591
939 505
58 881
733 480
161 33
593 976
911 980
77 489
524 198
562 75
4 221
243 232
990 237
316 492
208 325
57 552
872 133
652 873
350 414
781 932
433 43
254 573
93 61
182 403
950 658
750 70
965 588
304 932
534 176
283 596
849 895
747 682
679 605
91 559
212 141
711 871
23 936
310 792
486 501
817 351
918 190
376 58
278 370
218 184
60 163
401 426
123 376
805 189
278 986
165 978
679 51
32 802
241 153
848 310
341 275
616 275
305 359
824 530
50 109
605 187
975 749
479 997
980 889
216 912
172 472
900 705
741 936
913 508
960 522
240 174
711 290
122 633
639 300
226 310
489 758
46 366
822 889
110 40
269 485
64 161
643 868
932 372
142 490
643 789
50 745
763 912
576 426
439 690
965 15
207 537
178 405
977 380
892 352
615 499
90 92
880 73
127 632
376 467
385 294
886 445
377 348
236 957
905 969
574 136
76 313
324 360
330 583
842 121
121 840
437 693
982 799
782 754
573 264
305 466
982 764
345 767
730 41
96 642
778 942
790 113
421 74
747 113
606 942
802 798
371 337
615 99
767 574
284 384
268 723
573 895
395 916
760 298
434 752
160 131
789 50
639 785
825 163
692 961
340 1001
617 109
477 842
429 109
677 499
906 123
584 406
240 500
790 540
524 234
215 989
919 966
516 683
208 467
493 828
870 903
530 781
174 754
724 968
992 413
23 329
204 384
644 791
672 848
101 205
875 624
209 690
325 467
907 5
626 119
161 10
505 694
531 5
699 445
48 819
961 267
347 205
94 837
731 691
216 85
90 179
666 175
671 323
739 841
924 719
614 439
389 129
309 711
514 954
287 964
221 605
256 821
725 850
801 860
470 249
911 60
109 865
403 102
130 859
276 711
456 69
297 229
782 699
626 25
256 661
656 293
973 56
700 92
507 702
990 322
714 833
212 600
260 416
40 633
29 878
835 366
970 269
643 475
948 776
210 87
690 985
423 92
363 319
228 881
979 952
436 787
320 171
799 764
370 768
901 918
617 75
936 328
754 324
163 889
497 114
853 155
59 465
949 973
215 802
270 833
585 456
683 872
210 470
951 378
258 777
709 80
563 882
231 15
217 956
580 189
714 979
107 62
812 759
275 281
10 216
637 596
839 965
229 201
74 100
725 450
952 528
402 759
471 204
487 903
286 649
560 527
921 177
528 630
507 611
67 483
978 331
794 886
207 220
723 929
537 485
11 623
922 872
720 885
733 632
250 217
611 310
711 605
185 271
88 693
391 921
579 330
791 970
87 236
917 706
977 90
600 589
487 995
408 665
274 672
336 100
149 705
610 507
202 423
223 476
828 497
804 255
475 50
12 245
524 665
591 185
615 677
597 800
902 309
812 917
762 368
674 252
759 411
634 364
794 361
729 925
884 582
563 30
387 509
234 357
480 632
754 399
162 556
477 840
794 587
62 253
826 925
619 827
82 405
426 896
327 758
980 421
25 539
170 177
994 957
71 202
818 946
402 681
603 743
471 541
659 824
461 597
82 643
503 27
413 913
371 339
368 877
717 851
446 123
143 448
364 781
739 416
297 213
230 312
174 286
2 778
774 792
176 282
242 441
269 537
503 392
155 918
840 905
774 982
765 640
890 771
177 184
267 385
93 236
925 376
977 706
484 250
205 181
300 944
628 508
467 629
540 683
861 246
208 58
166 734
252 209
929 761
839 378
525 860
795 72
750 86
218 730
779 82
561 194
240 699
526 301
87 957
950 416
329 811
554 52
625 351
352 416
918 478
33 625
151 685
97 232
774 764
271 566
853 304
820 978
36 894
127 606
23 390
788 114
55 30
344 659
723 698
40 994
888 441
817 501
698 934
719 583
397 564
969 252
166 458
272 588
548 353
708 932
258 881
667 109
882 877
101 980
771 839
225 363
39 67
764 672
477 690
456 356
761 805
744 940
881 317
776 491
886 223
309 756
246 827
841 126
706 179
451 862
272 247
212 96
134 663
896 509
362 616
681 71
666 50
594 745
550 136
361 334
497 593
767 927
218 955
781 510
466 18
418 28
143 598
624 944
903 542
416 406
734 721
645 557
659 901
473 130
995 758
483 727
533 834
284 541
974 891
254 490
752 716
55 281
555 851
622 391
955 864
653 350
873 289
451 545
899 595
412 384
846 295
789 558
806 27
664 432
684 154
455 726
607 106
513 170
39 279
334 949
729 157
437 766
513 843
836 48
22 936
300 646
824 344
247 417
405 592
306 121
752 34
624 657
570 787
569 112
240 949
866 804
858 668
699 649
195 622
692 267
830 928
794 782
605 59
386 249
734 186
397 11
968 330
454 694
454 982
561 748
353 836
368 808
540 688
20 959
428 450
415 479
101 900
348 595
276 857
152 494
421 710
740 803
481 110
45 929
983 608
334 654
451 501
169 251
346 560
769 832
434 477
129 739
469 280
732 965
80 362
579 968
602 906
269 358
971 132
801 373
554 418
896 591
999 604
231 588
639 844
372 976
446 228
982 196
670 469
534 328
138 256
980 822
211 846
886 488
995 489
807 24
774 196
262 332
475 594
67 647
926 977
249 653
452 812
187 902
927 947
226 454
632 241
115 85
380 759
751 164
388 283
553 432
134 469
448 724
75 297
478 932
623 397
757 748
328 618
797 187
808 519
923 446
769 438
708 976
583 598
810 817
904 126
446 925
157 311
439 752
905 306
985 121
50 562
639 755
17 840
380 700
