1500 6000
229 979
206 199
1177 389
693 283
1430 1362
822 529
602 654
1195 1308
567 593
1400 366
1400 1330
1231 1170
828 747
393 144
949 765
1263 633
1123 1022
824 1190
162 644
1172 620
613 800
760 334
49 277
924 567
20 742
1201 914
1362 1388
785 940
1252 661
910 985
1293 1198
653 514
1199 1310
1396 254
1250 58
378 374
258 1480
557 132
1330 311
855 539
49 1366
660 857
883 258
760 241
914 714
1269 1110
186 1486
1044 1472
225 953
666 1455
75 1145
1281 824
511 619
989 1063
1492 708
179 1144
258 172
1263 1338
1141 571
612 1201
839 487
385 1244
455 1366
617 677
1104 803
395 40
1190 1032
384 14
625 254
792 864
1384 673
542 1049
1009 1330
1258 1305
849 1314
507 1042
797 1023
1162 23
1279 603
769 211
1002 317
606 1425
1181 434
402 1007
330 224
1297 49
1094 301
873 675
35 667
225 507
976 631
811 1317
1366 1111
1058 292
474 1250
852 22
798 604
1274 510
1487 455
739 635
363 178
1169 113
242 587
470 926
336 1496
211 58
291 178
924 680
749 1192
880 1115
587 408
1322 954
489 987
1027 563
149 969
1436 1079
142 868
531 687
1388 1039
1173 1017
439 846
758 44
1262 1117
515 209
108 548
832 1328
483 565
1026 1386
880 282
774 278
1024 1440
986 875
307 1164
1245 121
8 1392
835 1261
803 1189
1489 11
298 419
603 279
380 409
1105 879
606 401
66 1250
1487 211
457 571
131 549
1407 266
82 1029
481 983
741 624
387 737
1220 1470
1008 1476
1272 1419
267 540
103 1305
166 768
893 1341
620 684
1387 504
1267 893
1122 421
190 472
884 1266
840 706
370 1271
163 1042
186 430
405 737
662 50
89 1140
828 253
436 282
164 1431
1419 858
469 279
1137 909
985 1073
795 1056
518 770
1257 590
1289 79
20 756
1467 1268
1184 639
357 1217
592 1460
1012 843
1009 228
955 1455
1438 475
217 1483
1349 753
1433 1101
870 498
1188 1136
1075 892
1321 949
1274 201
250 206
162 720
179 164
1071 747
1225 1211
702 1417
1253 1366
1313 433
1028 958
1014 783
915 918
541 559
376 1446
1072 799
134 731
1417 54
407 1256
979 919
1214 794
766 260
777 211
1382 558
573 1377
98 769
853 269
818 653
442 204
968 1307
1308 1450
1468 417
10 3
361 266
857 769
294 709
1425 716
1361 947
1074 654
931 282
487 872
1108 1203
607 526
857 461
290 455
1222 229
827 653
1498 832
1029 1437
206 1188
1123 761
25 301
1239 1009
310 763
798 1211
1278 826
972 378
1435 1434
1224 1222
807 1081
252 717
1325 450
34 401
182 235
1270 129
573 509
1362 1201
1227 1303
45 218
1149 1331
229 1242
379 1344
1286 401
981 300
1010 458
755 1351
186 421
317 1191
828 698
542 1023
371 1211
425 82
1436 459
1402 1326
1051 815
1447 282
447 701
462 1209
960 288
1057 1087
829 23
980 397
53 196
532 565
1064 281
1336 132
1342 383
605 1468
363 1114
906 1125
335 1131
510 558
582 1095
1178 489
908 25
743 1447
742 1370
1086 907
925 66
1357 1402
35 794
719 873
341 939
503 451
890 58
567 21
1306 1455
1453 364
1428 671
627 1458
1486 1465
819 596
253 1071
415 1126
1019 704
1328 259
207 911
1073 355
1441 579
200 154
56 620
218 112
1150 1188
560 591
296 802
179 389
1194 738
1203 35
1493 1134
1455 1100
730 752
482 920
820 465
100 1258
1388 869
528 196
524 254
1130 199
724 358
632 550
1409 583
1319 1185
970 842
751 414
175 982
800 1029
1011 290
1294 358
1020 798
1475 881
165 30
800 101
537 502
1114 380
1412 411
103 468
747 1257
373 1329
666 562
739 984
61 104
1360 94
765 48
1314 1383
697 675
186 653
577 1329
1188 740
566 1257
1391 1094
1084 638
1480 1499
448 975
259 731
970 232
1413 459
117 12
723 1189
30 982
562 1175
982 1075
553 1013
588 84
532 1262
1243 823
1463 615
1469 5
1295 694
1405 499
496 1111
791 387
707 1334
1494 149
495 36
395 798
370 810
1296 993
1085 120
596 1430
343 234
397 702
1033 373
1399 646
724 1451
1054 335
259 768
1103 777
1233 422
4 143
1317 1236
827 1271
129 1099
961 1456
810 900
409 759
1227 607
158 611
1076 1118
859 446
1019 1020
1488 292
613 237
672 561
1432 865
1224 217
678 253
568 552
182 158
715 1389
54 375
153 1245
751 204
1125 1391
329 1453
88 1029
1303 189
752 1128
962 1428
1169 1196
1384 736
792 549
1231 482
12 723
682 1125
1001 1086
326 635
420 938
1430 877
1384 1400
345 995
578 193
1372 894
1131 733
319 1393
24 197
729 283
1280 60
355 541
1464 932
1306 380
744 701
1459 1464
199 539
1199 283
981 231
375 128
1344 1224
108 675
1328 972
1017 1050
1351 157
4 1091
557 73
1165 679
153 732
86 491
1017 617
1427 940
535 975
345 387
1274 522
276 548
340 601
535 663
1237 1029
661 1174
103 1338
632 506
1032 143
1362 187
752 755
1333 1232
499 160
1490 597
252 1360
201 1320
407 1340
501 1410
1301 625
1179 1249
1464 1402
823 706
539 70
410 1005
741 998
1460 370
197 72
1297 145
922 196
1377 110
1430 203
5 1269
420 1348
257 474
1073 291
158 1290
805 1467
512 257
1182 1360
1409 1261
159 193
1177 879
834 1171
528 540
924 760
929 846
491 144
980 1355
1323 1403
781 957
821 229
673 1016
1388 546
1420 588
1266 648
433 34
211 628
1026 34
606 1194
341 209
1423 1420
1299 217
65 687
628 1233
1346 1433
1258 766
39 1114
37 296
777 867
75 1067
217 877
664 313
632 430
1010 1372
654 1111
922 1349
1154 277
1336 1391
665 590
1439 154
853 375
848 863
551 1105
1449 1300
866 332
1035 1468
247 294
1399 299
73 969
1470 703
92 435
597 903
1312 7
831 433
433 1478
400 682
659 158
225 1379
1001 566
566 1105
748 804
845 342
932 150
1238 811
706 1039
687 895
1360 246
883 199
852 847
1375 84
385 460
324 1340
94 744
645 669
441 575
312 68
1391 167
56 793
1313 1161
879 1071
1474 149
846 1147
948 219
1432 1310
138 1201
996 357
1322 594
149 483
1009 405
1374 1131
2 289
679 1127
1101 996
128 677
682 205
1068 998
417 831
533 898
860 1426
32 521
384 874
593 947
502 152
722 1057
1145 1273
1444 490
1410 1388
19 521
988 360
380 909
1413 472
1409 911
1450 1426
826 1229
1488 1410
1285 1382
782 702
1038 1227
265 602
660 621
928 763
1320 578
821 901
274 341
746 1149
879 1436
405 887
909 326
303 1060
1295 704
1069 1218
431 1300
1298 278
918 981
975 732
627 1451
428 671
240 1306
1218 883
1204 367
579 599
941 477
592 240
117 1287
406 868
1385 986
124 68
93 346
848 575
67 1295
609 1262
329 1178
458 350
1382 761
870 1125
1413 1399
67 974
1337 517
485 724
763 332
981 554
774 143
1276 1216
993 286
333 218
358 614
901 110
179 1399
1333 1041
652 831
1330 387
1295 1085
45 1130
84 1143
327 56
1162 1364
435 1463
510 171
1249 893
1262 1266
212 1176
869 1014
1278 278
1428 296
217 422
773 201
153 663
1094 38
878 951
2 1171
839 1302
195 631
1069 423
646 913
486 1387
963 812
249 1046
913 1079
1161 1478
745 592
45 423
619 556
70 995
123 403
672 1476
820 351
266 299
1072 1158
1304 475
789 909
143 76
1005 532
736 1314
322 716
854 1164
1391 370
442 199
908 739
841 433
892 1068
1397 1149
1029 1067
535 1058
282 1360
1007 23
1466 1474
1050 487
787 48
420 1351
1305 610
706 1191
582 57
1254 668
524 771
285 1212
987 760
1149 47
685 992
380 784
1177 828
1460 945
1219 154
1129 875
718 232
453 750
694 1197
448 859
914 17
446 621
806 1026
1387 349
631 547
16 227
183 1097
1289 391
1383 337
132 262
1101 845
326 532
653 225
502 923
778 789
652 1144
851 1307
16 441
1195 189
212 867
194 1016
1357 846
636 855
985 38
1057 716
928 664
208 1011
1226 1156
1172 1228
25 609
258 1040
124 61
838 271
675 773
241 1361
1421 500
142 1325
162 1069
454 307
326 666
9 878
665 13
76 329
1330 349
1281 462
287 379
1384 1181
1154 1176
332 80
83 59
1200 1431
808 595
494 1460
483 71
888 1456
895 411
104 1021
1123 585
739 653
1283 1180
777 169
30 936
1209 862
1040 437
169 1224
1386 1448
220 390
539 237
1345 355
559 1379
730 1144
187 1107
445 1032
409 22
1020 691
1040 1416
142 193
756 1272
49 268
323 1072
1250 268
678 81
1230 1415
1189 885
1184 690
535 1049
23 1422
1427 1500
938 1332
1239 1353
852 1122
1416 1480
273 1074
1126 179
956 1415
681 75
435 1133
1330 673
335 1395
1479 1498
685 1246
416 207
939 1257
654 455
959 1247
1106 1340
1073 499
1422 674
1430 1222
620 749
45 740
706 781
720 63
1246 538
422 501
657 622
13 1045
981 923
254 1423
873 193
585 746
1149 719
991 1092
437 1069
222 902
145 1111
1457 349
39 73
913 179
1497 921
1350 1361
23 230
1061 1200
472 179
777 208
1201 840
1231 1308
1310 855
381 666
831 129
663 1245
130 353
1136 442
509 461
706 819
1090 511
1260 459
863 795
827 494
253 1132
287 11
1362 138
979 663
714 221
953 985
999 257
396 1169
1067 172
828 231
1490 504
1253 1327
853 1244
715 667
895 165
186 400
1488 429
742 89
125 475
1251 423
79 272
1433 404
1140 1392
859 265
1178 942
429 840
1472 126
766 312
851 535
245 413
16 1134
945 861
309 1120
156 140
281 727
1333 1282
1009 399
752 34
1364 23
523 384
1128 1270
1459 1217
903 484
588 1396
1325 1285
517 25
1379 1073
422 212
427 285
1423 130
675 972
984 400
210 1319
1279 84
632 473
525 1334
75 865
1026 233
211 1250
981 1468
834 554
1304 764
920 742
556 1318
459 417
763 340
669 465
29 1323
299 1348
1043 450
776 811
1487 287
1465 380
359 31
509 379
40 1135
249 1258
551 554
603 631
888 472
1293 210
1197 439
1129 342
1497 1077
913 551
77 584
346 452
863 312
1005 38
1132 81
159 1043
1366 777
106 746
535 840
1252 701
317 66
348 1221
386 1070
237 63
1071 1194
369 561
1384 194
486 1113
131 864
742 860
629 1185
1194 433
510 7
852 1336
423 86
738 822
598 589
432 1030
654 925
366 1289
1335 449
1324 960
1483 1487
1236 845
592 363
519 1394
822 289
112 1081
113 873
1100 1060
1259 1075
610 1072
882 424
1024 129
25 645
1307 867
1239 681
98 1483
453 980
259 1043
74 1375
227 1037
624 892
171 1123
243 912
665 1440
460 750
214 1170
795 68
356 1280
512 999
199 1187
446 1142
726 885
964 516
907 502
1403 711
1277 917
672 1119
737 754
1392 1235
1062 582
459 270
66 1388
939 758
315 146
858 792
1421 189
1162 941
190 1144
1070 1089
1254 1320
1304 588
1444 855
905 62
837 224
1271 1117
932 604
293 233
717 1244
1411 998
852 532
680 386
393 481
1436 417
26 1342
928 367
1426 607
1500 885
1306 465
542 11
16 1158
564 439
1194 841
551 1354
1308 315
1145 1387
27 92
121 706
461 58
533 127
92 1426
45 1113
1144 274
801 476
432 1151
1101 1317
700 1453
1211 1247
604 141
1260 1057
276 1498
1268 1185
769 398
198 1146
228 751
398 1142
52 966
680 1229
1070 1453
442 1457
106 668
1289 45
1058 663
670 583
1019 1359
1416 995
918 443
78 348
456 143
374 916
1198 951
35 964
719 142
937 532
67 357
1001 431
856 812
645 759
278 569
1320 7
400 163
706 1297
151 518
1 578
1359 1236
1456 1128
1024 233
644 1437
826 143
186 870
169 859
918 433
929 544
1261 91
487 94
547 189
359 1047
1039 212
1373 760
679 1236
250 754
985 1455
1196 148
1325 873
744 750
985 409
1151 450
135 572
1145 82
910 291
1380 586
236 624
1488 714
1029 250
458 1003
1111 1224
967 569
648 852
1171 1260
1379 669
136 525
1465 909
880 242
716 1001
446 626
1088 890
1221 399
767 1477
432 359
307 5
831 1425
1263 848
1131 1054
221 1388
1442 558
400 262
535 546
583 151
25 653
1471 1063
1420 238
138 496
73 305
848 1134
349 1009
241 1190
1488 17
635 507
1337 937
1291 1417
1457 1221
200 625
1086 678
1178 1044
1300 190
429 1012
1425 34
1260 879
1406 1076
548 578
733 1004
883 740
424 1005
313 340
166 522
1032 126
1176 203
541 73
958 1479
1386 1286
320 1223
1344 714
387 751
399 1239
1037 1158
1055 1148
9 77
697 159
150 704
566 274
415 605
840 732
465 789
796 618
321 273
466 932
1135 1096
1372 583
1033 639
95 777
283 1040
341 529
1107 1362
1216 897
297 223
1140 896
820 73
923 1171
454 1373
1039 1410
306 256
106 630
322 738
702 931
1186 285
1447 837
1267 860
286 845
1173 574
1267 1419
1081 740
1060 305
600 1390
779 733
276 1331
378 148
1042 945
1196 719
91 1003
649 6
934 177
968 1245
452 1118
1037 795
1288 415
1340 207
1343 1463
150 974
246 853
1026 253
204 1237
482 1063
1497 1482
1080 1291
915 605
974 1096
851 379
516 735
431 551
128 750
269 702
1331 201
1184 577
199 115
738 1057
587 702
1093 934
132 910
1345 666
496 1309
139 564
325 1100
805 96
314 1354
160 1157
786 773
1215 75
283 481
645 818
425 414
783 954
1190 334
166 201
773 746
1418 1083
510 1382
140 260
1150 345
1245 169
201 1043
27 1133
1489 226
1471 254
1063 1341
126 76
473 1337
98 1362
644 1484
389 1257
446 501
748 41
11 914
1075 1411
1146 1033
856 1075
487 51
361 652
1160 36
1130 539
876 188
1100 1175
745 559
668 761
870 430
196 718
1223 191
1478 747
385 591
1132 554
231 806
314 515
564 1147
471 731
1172 749
1492 413
122 922
1242 1222
821 203
430 739
507 1474
173 1399
1018 175
255 1306
1380 1180
836 330
105 1123
780 181
766 848
967 1070
920 1210
720 237
208 1483
348 1069
333 1383
437 1029
64 616
375 1365
491 903
391 1040
414 97
1421 1341
114 1084
814 426
824 1373
99 969
506 215
1364 1018
1442 1169
812 18
352 114
477 1093
471 658
864 524
397 408
597 183
44 81
166 697
1390 969
1038 238
171 1047
663 1243
1288 1026
1210 1038
1219 1396
1127 141
758 1315
1269 4
1432 1314
304 547
1330 1145
936 245
1138 633
417 913
228 437
795 26
515 129
1089 1032
257 573
665 1436
894 1112
792 1038
746 1043
1079 415
1489 212
109 1041
945 827
333 1432
457 885
1309 943
269 330
169 819
204 144
1144 270
42 148
628 474
806 1171
1022 31
996 261
554 1105
93 601
437 1273
2 747
494 1474
124 863
429 943
115 70
1303 20
366 1067
719 675
1218 1188
1352 964
293 213
104 1482
784 1005
852 541
470 599
611 917
837 388
1276 120
431 961
1183 425
1164 899
795 816
162 366
1366 1307
77 1369
435 1231
769 66
597 250
317 321
429 98
738 1071
1041 1186
764 279
542 1103
850 343
380 163
846 1385
1183 1188
1466 910
730 415
1431 1270
326 984
1097 414
185 1430
57 1463
579 449
1376 641
31 1479
609 39
1043 868
545 971
1245 1012
1143 1471
857 1243
234 726
237 952
348 729
590 157
1242 138
448 857
643 1261
522 958
582 1375
168 753
1069 1188
1272 1219
116 970
1308 1219
422 714
745 759
1109 1451
641 243
972 134
335 866
495 1437
393 218
1100 985
8 896
672 533
1219 765
847 908
986 1020
395 604
925 98
1284 952
65 829
929 959
196 1434
740 1150
827 1455
1300 34
1370 771
686 334
1128 289
1260 1144
4 580
974 1346
202 502
341 822
1291 782
133 850
1324 513
270 551
1078 142
1182 1017
7 558
195 1446
914 535
1328 1
840 1002
1029 995
669 240
1386 1105
261 1433
490 97
1466 900
689 618
22 351
530 710
473 910
652 1059
1215 997
1407 831
163 167
1348 606
111 830
268 1206
191 508
1272 131
985 1193
1455 609
1122 532
859 914
1049 851
750 743
111 85
110 851
544 1085
1150 183
231 1167
969 1094
173 81
262 301
692 387
1103 1088
1345 984
637 1228
1013 830
1145 636
547 607
75 983
1306 984
705 195
39 1379
434 997
860 74
652 213
1308 631
893 920
283 1432
1331 7
1433 1216
278 967
754 983
1282 788
1053 77
1318 1376
490 1314
340 1356
778 818
1151 106
377 1141
1090 201
195 976
1289 791
24 369
393 115
199 194
865 1416
269 591
790 1270
1260 1468
1023 1039
1211 1295
1140 920
133 1213
1342 863
597 393
1162 531
609 985
1101 875
1293 114
605 834
1159 118
1473 722
1319 1053
1496 1294
727 804
1048 1435
463 307
951 356
379 1362
1440 790
660 1309
868 134
459 665
618 624
20 74
1397 1169
335 346
1157 303
1421 315
588 238
244 156
1124 208
1399 1436
678 752
415 1194
491 1378
1095 1249
916 1274
859 1377
1144 129
21 76
471 159
1392 1179
887 1237
1044 712
466 679
1259 1364
296 1159
1238 1433
1370 238
186 99
209 981
1350 826
614 176
760 1292
700 686
1177 634
265 1222
1007 488
1189 649
238 1462
1001 1358
542 628
981 1105
78 1221
1166 1134
634 1313
1157 1042
498 303
779 1406
192 744
1099 361
1023 1388
298 962
450 90
824 1163
1010 136
607 1438
1235 475
742 48
1378 82
154 721
202 322
569 76
1152 962
1297 226
1182 388
1165 1147
1332 758
497 1173
1094 499
191 1116
1362 33
791 79
604 1153
255 632
11 211
79 491
248 1285
1237 144
1093 552
331 1202
1449 1288
265 535
44 1473
1014 957
417 758
1131 928
798 67
221 1222
892 674
1162 245
25 937
1413 502
225 325
669 380
397 188
202 1240
113 1047
312 1318
997 613
62 127
827 910
1058 783
879 1087
1412 1248
111 1205
1076 80
1263 383
722 2
794 285
1445 472
693 1239
1490 1016
87 1155
1001 480
613 1499
459 551
931 375
1233 869
178 255
1175 1073
679 1019
1209 772
708 1068
342 798
1446 765
179 1440
1481 801
1177 515
1336 1122
295 894
644 1444
908 530
893 8
273 602
40 695
1217 1225
1105 1059
687 812
164 433
189 764
638 116
258 1383
933 1175
1426 1471
544 1464
615 238
893 376
292 1011
145 979
23 426
744 43
285 601
747 907
472 1286
695 932
273 1191
607 864
1006 1166
700 712
205 984
714 901
708 1470
1120 487
404 1326
1448 1099
669 990
1045 1257
1481 62
608 492
1383 693
743 623
897 1147
140 1318
70 442
856 245
1347 624
421 1405
322 173
1137 1271
1264 969
780 1302
717 743
121 919
233 888
2 590
420 209
786 1331
916 105
1155 932
1460 759
270 1045
1290 1116
443 472
1347 1018
398 781
1002 777
169 542
915 938
1143 920
677 880
900 1379
915 157
1401 2
764 607
896 1279
321 954
1399 1393
1133 588
644 800
1263 1166
212 1483
66 95
1237 393
625 1446
483 73
3 1179
678 1478
907 678
200 376
879 293
319 815
363 945
544 139
120 1433
468 863
560 931
440 1356
112 194
151 1372
603 10
419 965
433 1348
908 852
107 931
566 1445
1054 1118
455 287
670 643
1313 341
547 1420
99 514
11 840
527 805
157 716
1397 1442
1240 1200
507 1100
128 1234
1412 402
1074 797
243 651
57 809
268 1222
663 783
1216 1085
1242 546
619 124
210 942
799 575
1028 105
89 809
275 167
427 601
1061 646
834 1257
859 292
1297 1243
1001 13
501 1327
902 407
587 388
1080 1017
1132 314
1289 69
1352 1241
94 1174
529 417
383 610
105 201
835 1334
1031 830
239 1189
287 321
862 1361
1331 1168
645 1345
1350 536
1467 1048
773 817
1007 689
831 231
702 839
1494 186
1219 920
446 777
661 269
705 1140
611 1367
1276 139
1245 429
647 1275
1221 36
1048 114
515 1132
1201 98
1126 730
583 136
1253 474
1487 1124
865 673
242 591
1130 78
10 1140
510 1169
1053 53
1423 615
417 1057
370 514
94 1429
66 226
909 22
132 710
604 155
353 1450
861 1486
171 1274
231 815
619 441
857 602
1267 705
1289 1273
320 977
173 907
1002 11
900 351
276 868
989 603
1250 954
1200 918
1419 860
922 267
1492 230
382 748
11 1250
699 1082
1491 90
486 736
993 466
538 1129
461 321
1493 1342
656 303
1438 376
1450 482
783 1388
1425 415
1319 629
1344 1002
604 986
63 86
821 663
268 455
1428 464
1280 825
224 560
537 417
383 323
550 847
521 65
732 596
1040 250
1464 338
126 5
985 506
1383 1480
723 785
1180 1141
282 43
698 1351
1497 1338
1311 135
425 1221
1110 216
1192 577
93 1203
955 1042
153 1012
1144 1300
1468 1401
1034 43
1132 1240
657 335
494 1137
353 1446
1001 1286
869 975
240 430
796 177
988 980
791 88
1345 22
72 898
53 77
482 787
1013 37
1039 33
386 700
291 1486
505 295
312 1037
1114 1005
1284 693
890 121
773 699
887 983
571 6
341 1099
323 833
852 882
1401 467
226 783
1196 171
844 775
174 825
490 1400
1489 621
793 589
69 115
590 253
111 734
981 480
673 490
924 364
1248 934
1039 823
990 410
457 117
551 1161
142 731
284 964
959 927
532 933
1379 592
1242 1224
187 257
301 645
516 616
1419 1423
217 1023
1312 1328
1117 640
908 99
1253 11
468 655
1363 549
1121 599
1194 752
868 1331
1068 741
69 1136
990 381
562 900
862 1255
412 12
1043 108
284 581
816 610
215 178
851 1362
318 737
1393 551
819 474
1207 416
809 976
755 472
1309 58
893 238
964 1054
693 855
263 394
263 1119
129 730
950 1036
1271 745
632 683
867 1154
188 587
269 839
1485 629
900 291
936 1007
478 1439
463 1044
836 460
363 1266
1153 959
1264 205
667 310
1115 1365
621 1049
306 950
506 275
128 1080
695 1216
1098 1305
517 990
479 1077
817 1274
1437 1499
1238 1296
132 645
1120 107
678 293
1291 94
482 57
542 422
289 923
542 446
483 255
1440 459
130 976
1178 824
1391 1262
1124 1250
259 886
1450 1143
738 129
662 1333
178 562
755 13
1143 20
1370 893
884 1271
120 604
1105 213
291 381
420 129
466 342
657 733
806 1288
564 929
152 938
1387 1187
628 1297
884 532
928 601
775 1216
644 903
73 1193
1178 1418
183 484
1479 1028
429 169
490 1188
648 969
1197 604
41 1010
511 1168
972 201
839 1452
509 1206
413 741
435 500
720 362
762 59
305 739
393 69
1132 590
1489 660
486 1383
756 1375
501 455
1126 299
979 957
103 331
57 89
1248 426
660 321
1355 375
638 951
996 679
1306 39
626 1023
789 682
1300 1386
38 541
397 572
190 1473
578 630
896 315
209 1445
949 469
25 550
894 583
877 914
11 1201
354 1224
145 321
1345 635
1407 1105
107 574
1053 1198
125 1301
1233 1058
1420 1179
203 783
1062 1343
472 1128
480 401
145 292
63 1273
1331 219
1486 430
927 1326
1067 865
542 354
302 572
1257 1086
22 291
706 1299
1099 1071
125 976
1199 1009
258 228
720 348
1088 594
287 968
302 188
1207 505
430 669
1176 1362
1462 1235
1271 530
81 1425
849 333
1090 891
69 1150
27 57
275 669
535 287
778 507
417 81
163 1486
1147 1238
1077 1037
1492 618
1346 1129
1259 1492
365 194
169 867
767 568
940 377
466 1295
841 1445
319 1105
97 692
1045 1399
1254 1022
745 882
851 890
405 903
76 456
1336 1125
1257 293
654 49
765 376
494 301
984 1073
66 290
630 699
1435 540
950 1495
262 683
913 420
945 1262
98 954
945 1474
371 120
658 105
1375 792
122 1084
717 782
612 317
101 597
240 22
789 326
1124 512
273 628
178 632
368 122
790 1144
35 1316
1230 207
1145 337
1194 1024
648 600
1478 299
521 1162
704 679
1307 121
274 834
138 943
1224 265
1168 630
939 1045
277 877
409 1466
1125 400
797 17
729 1188
1435 232
469 1439
158 555
663 448
1460 1137
555 611
1160 1310
21 4
202 554
624 177
340 667
449 1371
677 344
284 601
132 900
267 352
1053 114
901 211
1105 164
432 1397
1215 1097
26 249
745 163
255 275
919 628
7 1196
1111 217
33 448
562 640
1035 1001
1442 699
185 512
1179 764
1094 820
326 424
1204 310
1493 921
600 1005
820 562
1486 1060
1391 1175
1071 1386
1182 436
1034 246
1047 668
287 58
1478 790
1384 883
990 1455
814 812
1026 389
756 1423
1199 1400
929 538
325 1465
796 65
1306 1117
540 122
578 697
29 570
138 1222
560 408
1074 1049
1482 244
49 1224
820 149
977 170
972 1090
388 242
1368 946
695 564
1420 582
1108 534
63 952
542 1307
164 879
471 1030
1232 1352
867 877
100 1166
668 658
602 208
1061 1348
900 355
275 291
880 385
674 1364
227 799
1158 1134
1143 1195
714 290
1276 1147
437 1183
99 1390
1266 810
1078 1
701 54
269 1461
1206 461
1416 349
1154 957
968 1243
777 1012
773 1491
1377 185
492 271
810 609
569 386
1199 1016
1271 255
1264 149
81 1035
1234 617
314 1240
807 1378
119 987
1387 434
483 666
1400 144
121 573
653 778
1193 1337
1369 1319
610 124
1060 178
482 949
1104 1208
137 1294
151 971
200 1396
461 602
144 1490
573 17
822 828
891 548
535 1362
364 1044
822 129
949 787
117 726
997 737
625 1279
1107 110
769 11
1385 1246
972 886
879 1393
778 1193
1134 1482
1330 86
108 832
1408 917
366 318
472 913
557 810
1271 985
1491 948
358 966
71 759
1037 104
954 857
1142 1023
463 560
1390 1486
784 305
192 617
18 942
1427 571
1465 409
185 1111
68 1263
515 1358
1313 13
535 1388
972 1382
337 425
1430 1307
1377 277
887 391
430 301
432 768
214 1038
797 153
938 341
1459 846
187 217
615 1195
807 393
809 1396
262 1405
1199 491
1267 84
418 1213
678 299
399 1310
240 969
1044 580
1391 483
721 893
67 1129
1040 484
71 160
1239 1480
197 1476
600 421
1088 212
1499 1239
326 565
1251 362
1042 884
1095 1304
702 54
1014 1088
106 134
462 1472
837 246
845 1225
1016 204
1484 883
661 750
828 415
576 1220
990 1157
233 652
1463 1133
393 405
488 438
309 408
1122 205
631 1419
1473 420
504 1284
99 945
485 1495
7 31
913 981
747 1313
73 25
1476 1394
852 499
395 1317
97 1432
1223 392
302 397
401 828
882 1060
1167 678
34 81
1286 157
1010 1335
979 594
634 81
76 454
1468 1079
833 1258
849 1387
887 1218
648 1337
1017 43
169 292
70 423
726 785
447 246
1351 1128
859 535
472 202
439 1296
1310 63
949 130
2 420
1411 413
703 245
847 882
266 1399
251 176
134 1491
295 770
688 510
167 847
1251 1383
1057 459
430 1494
655 1021
978 579
918 1057
88 729
266 13
491 751
237 883
481 692
200 1421
75 337
322 1445
189 482
891 522
1243 33
632 167
1 1022
678 1270
1081 1437
603 625
1262 969
254 631
1233 612
1310 1444
1431 907
909 818
1256 894
1464 1129
668 450
268 273
1423 1421
835 161
114 403
811 395
1063 1235
1107 1483
791 597
986 1197
1457 337
130 254
1066 1414
781 11
1212 1406
1316 1389
169 33
298 1152
1159 111
152 1071
1094 818
816 1138
1454 463
721 1375
900 506
1120 497
975 1088
908 562
1315 293
1420 308
60 96
55 155
1472 456
780 587
1321 976
927 844
304 1095
737 172
1461 246
1287 1015
307 1469
99 499
1419 189
243 249
648 1271
1456 1177
1217 986
1155 775
896 607
264 1380
453 574
665 2
33 1242
1339 995
992 141
695 1165
619 1021
1270 1260
1088 1489
510 374
372 518
313 1282
1311 192
1313 961
321 602
1067 272
1292 987
425 1314
1058 943
1244 572
1030 1331
67 338
445 513
1096 1247
420 961
629 174
1327 145
145 1483
1340 579
289 1456
340 80
510 886
1010 295
430 933
400 421
446 1002
1107 49
1219 858
193 359
301 1125
212 859
694 87
399 729
207 1372
179 44
316 395
1218 1029
1269 1190
939 213
1103 594
527 970
946 476
1017 839
152 213
387 115
1300 472
1065 1098
596 654
353 526
258 807
314 502
750 574
507 789
1498 1254
623 980
282 617
1095 976
448 781
1487 797
14 1116
745 326
177 741
8 130
1153 927
181 839
683 870
1070 854
469 1438
668 108
567 5
813 533
319 1413
1480 183
1225 1295
578 259
202 758
1101 1127
96 356
866 1241
955 1266
1383 539
1044 567
1110 1373
1190 680
448 851
1086 981
1456 431
241 1281
1409 525
279 1471
320 1277
586 563
1350 967
1461 192
1076 1186
879 605
17 1111
1207 911
1037 833
929 845
413 703
1059 299
1161 1057
1097 345
1361 463
541 1337
167 784
597 495
980 188
1499 405
1089 1209
279 1343
423 1416
1091 1265
701 188
436 1355
146 214
262 215
525 971
1014 169
859 542
309 388
292 98
187 714
67 1238
1273 983
572 408
51 252
163 1455
1473 755
1187 162
632 305
1301 1462
58 919
725 991
342 1236
472 822
1070 456
650 1394
59 1451
550 1271
720 644
990 784
1422 728
61 1006
450 1274
163 205
1045 319
800 720
1260 790
109 1108
1416 1183
1218 78
1436 1099
985 1466
1127 685
1253 95
1041 664
491 1314
621 121
100 26
350 838
1081 1480
1256 835
1162 998
968 819
1497 244
1361 21
1262 759
1235 1375
810 1005
442 78
602 769
1081 237
710 1042
1253 17
1468 44
952 228
1158 1263
1453 1418
1086 828
905 1481
1221 337
738 314
810 600
1002 1124
380 421
1045 888
514 870
1487 49
819 1142
211 943
1109 83
823 857
1086 918
36 613
576 934
669 262
1271 870
1482 312
879 915
1467 584
627 297
550 559
1073 745
1163 1350
66 11
541 1100
195 603
291 1122
885 1092
537 1001
807 206
1274 142
311 1415
398 217
1410 621
991 647
668 578
730 274
460 51
780 837
631 3
1281 1089
625 547
367 1076
791 1457
1353 1069
510 731
806 1407
707 643
837 701
442 849
339 758
1459 986
107 591
871 1003
520 35
1235 771
1415 207
1429 181
59 251
1412 687
1272 74
948 786
663 706
97 740
209 1313
1267 1423
976 860
1067 45
1348 202
1490 636
261 1236
1096 685
736 1339
306 176
572 385
590 1045
423 442
1077 312
954 1176
567 1091
309 837
625 1267
228 434
307 1454
1060 160
444 234
499 215
348 333
534 1282
1332 841
1035 1440
1149 522
851 185
438 1093
515 420
86 729
239 457
1358 529
162 1040
923 319
845 538
604 466
407 608
164 888
28 6
333 425
625 130
1070 1269
864 308
974 691
763 1316
1460 900
758 1177
866 340
1042 1117
417 1086
34 417
958 31
688 1491
847 326
949 1308
1372 41
911 978
1114 1060
889 37
1232 440
186 820
1068 895
792 765
312 16
1114 291
1235 631
951 1349
1127 1147
645 810
792 475
883 865
869 1362
1078 1196
871 222
520 664
1051 961
471 259
1240 1332
768 406
308 1463
1200 1425
1271 609
1023 1366
707 894
1353 1040
1315 1099
1353 414
422 823
1124 217
665 566
465 1345
794 928
1281 567
1262 424
150 897
1381 53
493 876
1425 274
1276 150
520 1356
702 51
309 330
1338 383
886 817
766 655
708 576
949 549
741 708
173 537
714 1366
1406 657
1369 696
669 178
660 66
278 772
4 364
735 657
702 94
886 1312
237 1490
753 196
531 892
1135 691
625 588
1459 811
1140 146
338 1129
447 931
213 1057
1318 1166
1126 1057
81 529
1286 81
487 181
1167 981
885 444
443 806
663 954
961 1478
207 978
79 484
604 1464
496 968
869 954
602 1242
677 385
1440 1051
1275 1015
310 427
556 1072
349 387
462 5
1070 700
110 979
263 905
675 1022
262 600
561 1394
637 508
1362 594
345 1069
980 677
983 1444
295 41
1019 1217
224 51
1374 1108
535 217
499 955
943 66
967 1361
433 981
1051 13
349 423
1057 1332
510 916
498 262
95 1111
154 1375
560 1120
864 89
554 913
104 249
178 908
529 716
753 122
667 1316
417 1001
882 1005
300 164
498 351
865 258
94 453
698 907
1104 723
1316 1352
871 1415
498 739
1032 774
908 632
1316 340
820 592
897 1085
986 1357
49 919
967 700
113 1325
292 1344
361 1286
526 1062
1482 1072
501 626
203 1201
999 732
1138 260
149 882
463 774
1108 1131
1343 92
1451 223
923 1194
452 733
1270 806
562 642
3 1062
1353 539
1094 550
1240 420
1381 96
1123 374
1051 1144
1090 1491
11 1107
27 1438
1371 271
1466 370
105 396
178 240
1122 1474
970 1434
805 528
1278 1298
464 419
459 1026
855 228
1096 1216
1189 457
732 1049
1473 828
862 1190
915 1061
907 815
1289 1181
967 4
1317 316
433 634
1086 1099
1440 420
876 661
278 1373
99 517
236 687
590 923
1046 441
67 1246
829 488
112 1330
739 1117
929 1096
1128 1144
371 844
1238 147
16 848
53 528
666 565
94 224
1367 1066
1126 1393
1234 460
593 445
1048 1198
1397 1047
665 758
1218 1416
1322 1111
81 179
887 434
1427 725
141 694
938 566
205 910
660 596
1333 313
304 1195
490 644
332 779
1142 379
446 663
522 786
903 75
521 30
688 585
1470 30
1107 1002
1098 833
228 597
134 171
656 1094
1325 1196
610 848
864 1195
1218 1289
611 184
834 433
411 934
1313 1354
566 1270
1193 653
971 748
230 18
1246 141
754 495
33 317
504 613
1229 334
968 919
1039 867
398 185
500 469
328 485
169 321
905 394
1370 304
832 630
409 933
290 1243
256 223
774 987
1085 604
218 97
63 1457
420 253
1215 1284
706 1154
189 864
1110 513
334 772
1010 1112
289 1087
361 1257
501 185
327 1172
1306 1094
1200 341
265 1307
505 1106
1245 1058
1003 271
1002 660
806 1059
472 459
44 13
1095 1446
1111 781
1478 253
899 772
887 1221
783 979
870 325
115 1383
182 917
522 142
744 385
554 417
169 1039
157 1161
1478 1240
22 632
212 1201
1130 495
1185 753
1464 992
333 1081
705 1231
891 658
592 530
812 531
648 1336
183 1437
165 624
400 1042
1182 1311
418 6
1373 712
276 630
624 829
341 1468
1243 211
625 3
365 1145
655 1263
1221 79
115 692
7 1254
871 1230
12 234
1070 329
942 973
505 1025
1473 467
1493 103
1264 910
827 1137
1387 1378
416 707
517 1379
770 1372
1149 886
229 999
1239 365
1393 266
750 302
546 229
431 698
101 504
950 83
1413 1128
1093 411
458 1064
608 707
192 1417
399 491
120 679
449 1230
433 1128
1264 262
1241 64
844 55
391 144
953 884
510 47
956 372
1267 1446
1421 1133
901 706
1140 549
815 389
1230 971
262 1455
32 236
1404 1467
1411 618
1333 622
1264 240
28 457
564 1385
989 146
1062 1439
1138 227
197 15
797 1222
390 911
282 702
945 1271
961 939
903 1484
1312 276
436 43
1026 361
173 1024
1306 562
1374 440
1047 958
575 1138
1153 1359
391 490
1157 178
215 498
682 1271
1281 1110
534 1004
66 1012
443 1177
1337 609
36 112
13 2
457 1500
1385 1155
517 1460
785 1213
348 1130
1383 855
535 429
659 1367
1086 834
314 1401
1226 994
543 842
840 321
70 206
876 54
1113 405
231 822
951 1268
97 442
1456 231
472 173
528 368
879 266
1035 1240
544 993
123 696
525 505
1439 74
1308 787
340 657
1171 605
219 1168
1353 272
179 173
465 852
554 1144
197 898
193 719
594 869
337 1289
1422 963
1286 1401
315 949
989 304
1431 81
1444 423
2 314
529 2
1140 238
1099 923
1106 1334
1191 612
205 380
1341 787
49 257
424 22
434 78
975 823
1466 498
1278 1091
518 838
151 91
1351 415
1186 622
890 781
1030 374
95 783
1116 247
1436 190
258 82
925 919
901 877
1494 910
826 536
1422 236
818 410
25 1306
1114 906
1273 434
568 30
1012 925
942 170
537 293
1009 1339
351 852
1118 346
949 1140
136 579
291 820
237 45
590 1035
1298 1281
1391 25
1131 64
1321 27
975 379
266 1413
1012 1253
992 679
1126 1061
925 169
924 1454
1307 455
424 1125
149 1122
216 1281
1438 1140
1311 1291
1000 690
1391 180
798 147
205 400
79 414
1182 375
1468 270
365 1383
92 1210
854 680
577 1146
937 784
321 1327
146 1423
368 1404
546 455
297 966
1358 915
1171 1132
37 1159
1241 735
937 600
1006 227
209 665
456 580
857 287
413 488
1439 1471
834 152
843 265
825 1293
174 210
99 1262
596 1309
1072 641
471 1078
277 1243
592 1117
1082 668
267 527
20 1462
568 708
167 483
1351 1099
29 711
1135 811
724 950
738 1313
1325 731
1043 1082
347 813
635 1060
803 571
1386 266
926 91
1163 1089
1308 1392
315 1450
209 1448
1010 1025
51 436
119 862
1416 162
1266 1060
823 914
50 763
252 572
68 441
745 600
1194 554
135 782
647 1092
257 1430
1157 739
546 602
979 265
1193 163
473 1122
674 728
625 304
1237 115
1092 1104
344 1311
653 1114
973 137
1028 1274
1305 323
509 979
937 847
1341 864
1195 989
769 1124
1094 600
1347 1422
734 464
1251 1400
665 1393
602 821
1242 919
134 1196
1330 791
1209 216
778 325
843 706
812 998
710 1465
153 914
926 222
698 606
1082 768
1041 1204
313 520
398 1191
600 683
1351 1177
95 229
1015 1424
900 559
1175 1094
1077 799
1476 561
746 113
236 245
623 282
801 650
1114 1094
915 888
914 1176
1337 514
425 1484
1494 473
1054 733
771 1179
209 13
1379 984
990 559
784 1262
180 255
752 433
1222 621
356 1293
140 1046
884 666
619 833
129 841
245 30
1477 568
573 1107
92 1308
1345 1465
275 827
185 1124
203 212
671 830
955 874
949 1423
328 1398
907 1061
331 26
1012 783
501 954
49 66
594 512
763 779
215 532
221 1107
269 1080
26 757
1063 189
42 450
502 209
1060 1073
567 119
1210 1375
1221 405
174 116
1183 112
1111 1107
1439 1063
1403 570
1058 859
1457 1499
133 1052
584 1185
692 1273
609 409
768 90
1115 1417
622 427
380 906
1090 47
1022 1149
1017 1360
536 774
1246 694
729 754
1266 517
841 431
149 71
1057 1035
1299 901
672 1008
1110 445
1372 1230
1063 20
600 1100
545 1207
867 840
349 45
75 1432
942 977
1074 145
363 682
490 258
963 175
1474 363
57 469
864 84
1406 50
206 1160
118 1031
632 656
1081 1136
550 363
1118 1395
128 587
681 425
450 166
1405 424
138 1142
612 49
355 483
1106 458
130 860
235 247
1140 1419
161 382
1378 365
249 651
548 7
437 736
844 1317
380 326
1059 431
623 1174
642 1379
981 961
1050 269
282 1302
344 242
931 1452
1436 646
113 1168
901 321
1310 1181
31 688
277 999
1290 392
910 739
186 25
1276 1020
683 908
5 862
933 1005
281 1003
71 132
1100 1486
1310 481
431 300
290 257
1366 446
466 1276
303 483
253 1431
561 127
772 1453
455 954
1418 454
1311 782
231 1286
5 1361
1195 308
1140 92
782 931
1076 662
673 1181
300 888
1457 1490
1069 1097
189 1308
1040 442
1474 186
708 438
1475 1442
730 213
1183 1160
496 1002
475 27
122 1198
376 1392
422 1111
155 897
996 1247
1017 702
988 1050
779 1356
948 1028
757 104
915 81
987 967
448 501
1351 1059
421 884
477 1411
476 394
250 70
543 1048
351 990
1285 432
1351 831
404 1211
1081 437
1125 303
684 373
479 833
1409 136
153 867
1372 1112
1397 396
1003 350
934 1411
271 350
532 642
41 804
338 679
1196 786
121 957
19 941
323 468
706 777
562 424
1380 850
1195 195
1470 741
317 121
859 732
951 267
359 378
858 1421
1270 590
507 884
906 430
552 687
882 1306
1307 138
139 538
580 1278
635 1157
1077 383
1270 266
1248 1347
698 459
187 1014
1440 152
1080 192
130 279
253 1128
382 707
42 773
797 890
473 351
1025 1003
435 1235
1335 894
175 411
429 268
1241 1041
1142 212
556 1158
255 71
594 461
86 1416
1231 976
1294 297
199 681
1489 1388
181 572
529 415
677 54
1095 27
732 1362
677 1244
1287 444
736 644
208 501
1037 757
1391 847
905 127
1308 482
1171 938
1342 1046
39 1122
1056 156
1300 300
156 441
48 1341
85 419
268 354
409 642
204 1181
762 973
1429 224
595 1156
833 1065
152 293
108 193
939 1024
1337 653
967 760
1126 459
57 74
454 700
730 907
1284 88
83 762
66 398
952 729
94 51
447 1115
395 1459
501 660
1196 276
682 167
660 273
1358 652
1375 214
260 1493
551 752
977 616
654 663
1380 412
1221 952
1412 767
459 1300
205 861
148 134
374 1397
381 778
815 1399
855 318
1293 878
302 1355
1065 610
228 1188
1220 521
753 60
220 350
516 285
1240 716
792 526
682 810
1483 398
1056 833
867 509
535 153
984 25
469 308
688 1479
1222 509
813 1476
1203 581
159 1082
1186 1118
218 345
728 963
240 1466
764 125
557 827
853 453
172 199
714 1377
1304 1063
1097 387
66 663
1243 1154
550 370
749 198
995 82
583 372
1232 1204
395 1216
641 249
897 929
1124 277
1033 503
106 374
678 879
824 1229
1184 327
330 54
280 802
415 1086
386 364
558 374
340 1204
1161 841
1461 375
65 1102
1236 1217
299 665
1300 834
578 1312
85 962
1415 1261
279 1308
958 768
877 968
1229 567
487 330
410 483
1299 1242
817 786
985 710
214 1179
1193 870
1123 668
542 496
289 467
1038 1279
1356 964
1058 1377
1236 1211
550 1114
421 149
110 594
683 1005
1080 560
1079 341
73 984
17 1322
1266 861
639 1172
213 1478
22 669
114 1467
934 1347
1139 1408
266 420
968 273
1479 1196
1329 589
1117 25
652 1300
698 923
711 994
713 451
1494 205
288 1443
497 447
269 135
1320 746
914 857
604 544
94 988
624 1093
1225 992
1126 1045
354 265
1366 732
1384 172
1084 174
1425 1194
486 807
502 1128
703 982
686 1278
898 904
1398 1496
1312 699
913 1045
1374 1232
832 699
13 502
706 1483
718 1381
444 1180
40 1197
1423 1375
219 471
250 1067
513 1278
1073 1465
557 884
890 840
645 937
1465 969
303 1474
344 128
362 349
594 1297
1500 1287
132 400
1231 1303
1239 349
667 534
655 479
1023 455
1368 102
46 1434
79 692
956 416
939 1436
1292 216
1267 607
990 710
932 286
161 1334
1097 903
1436 472
945 465
402 676
1199 337
952 387
591 744
1342 766
1331 1382
1164 593
548 159
218 495
1103 398
495 1457
411 674
1359 564
1000 198
415 1128
188 1417
861 132
810 178
1010 1334
1024 828
1188 736
692 1150
927 357
829 796
33 979
1135 974
917 1139
1431 1300
264 850
152 566
969 1137
213 678
553 802
843 66
1140 764
3 20
1433 1402
1200 646
492 151
1338 1072
953 852
892 1347
132 820
1454 1292
1187 1199
248 658
1121 161
106 1475
1126 13
765 238
821 840
985 1114
1205 1152
1297 1049
875 538
140 1342
788 1214
143 1255
1339 78
706 208
821 714
578 374
522 972
569 1190
1208 1213
326 1262
1079 1407
156 633
1274 1442
442 539
685 986
264 1208
166 1082
1209 1070
1255 1281
329 947
1120 980
602 1322
275 1157
1386 1288
435 1038
1228 639
562 565
1161 1358
192 408
1304 74
1407 300
1279 809
1210 200
601 1118
644 405
925 1344
86 1130
283 172
178 827
1453 126
979 1176
1473 300
257 277
92 189
1488 535
230 1248
1018 796
941 236
817 142
1255 513
1049 321
522 719
1034 94
1010 978
426 521
1136 1378
47 916
1022 688
861 640
617 587
1270 1288
1196 668
673 337
309 1291
1246 395
1120 282
695 1127
1057 231
1460 473
993 1155
818 810
272 539
759 635
1445 2
1296 1357
818 1114
1253 203
761 578
1379 953
1191 203
869 542
774 307
106 817
1474 683
834 634
963 32
167 1474
201 522
1031 1205
800 1130
859 138
888 938
900 1060
229 1088
331 795
1164 1472
583 324
845 959
1063 976
1353 693
228 1016
1182 224
51 1174
141 974
400 1122
1092 1500
535 979
415 2
596 455
54 1429
401 233
130 1170
693 720
233 1087
795 244
1049 98
856 676
157 834
1403 1156
808 1443
678 1126
498 789
325 565
791 481
221 208
1190 1089
17 265
789 1193
857 1222
1026 401
155 466
193 688
1388 1245
1391 990
1441 390
1337 1345
529 1431
1407 738
229 857
180 351
543 1381
1476 898
401 157
110 429
1236 986
695 87
1217 155
766 641
756 376
1016 1136
1189 1015
725 1283
1304 771
119 76
971 608
199 399
999 1489
1225 1020
907 646
13 652
480 339
1498 450
1249 482
1267 1375
279 254
804 1256
1191 859
1170 1446
60 352
1163 126
1424 117
442 1339
86 414
438 177
1071 2
1448 698
401 1128
73 303
807 425
1169 90
546 919
1273 183
889 428
161 1441
1430 1124
1125 565
574 242
660 98
338 1153
707 599
600 149
312 1338
274 459
1009 1069
1025 1371
961 1128
1148 29
1469 1164
349 1378
847 562
345 115
1044 513
257 1224
243 479
1456 1045
1286 129
1173 181
1446 1279
254 435
440 1054
204 258
1358 815
71 1042
681 673
870 562
370 465
692 490
1311 224
58 226
1392 92
434 481
1309 1103
549 1195
183 1484
491 75
1219 547
1131 284
818 430
157 698
622 1214
595 1226
706 1245
124 1021
939 1351
217 1327
477 741
1479 1285
812 767
132 1306
1363 1301
495 903
1094 653
1374 35
757 227
1018 895
184 523
86 995
1119 15
983 199
95 1154
501 268
953 1122
255 666
500 84
1442 1
1057 730
1011 268
923 202
993 87
367 616
370 632
1345 1266
172 997
1104 28
244 1065
357 1155
106 31
406 817
879 1171
298 965
1352 1203
770 271
390 449
1163 899
348 1199
939 433
1228 589
152 1045
1303 893
75 1484
21 1089
653 1465
1249 57
1177 129
1249 1210
859 354
329 899
712 1281
1128 755
944 570
1193 275
1427 239
1144 300
486 1330
668 159
682 1042
1374 601
1383 1330
228 333
267 1349
339 1456
789 160
764 896
1163 5
1259 618
497 572
495 1181
265 1039
89 1363
635 325
1471 1219
747 841
987 1229
1097 1040
293 389
715 109
716 202
496 869
1408 294
960 1226
916 1123
1357 1020
180 900
603 376
311 220
581 452
1103 121
867 1224
1246 1295
1268 1404
935 697
1253 542
1200 554
562 71
961 389
1052 571
1327 1142
759 494
1202 1065
397 1429
579 222
1137 784
1472 1269
1297 957
591 853
180 73
496 979
459 1240
210 584
916 378
1335 1025
99 1306
410 635
780 717
204 1150
1337 291
1180 586
169 290
188 192
1459 1317
691 1359
594 221
625 858
239 803
1452 1174
1279 214
666 818
568 728
397 836
238 315
1473 606
1200 758
366 636
938 1194
171 1168
552 531
1084 718
1237 333
399 983
815 1332
1456 1448
1042 632
242 1034
405 337
797 1107
1218 75
1103 573
1110 1091
1157 870
1210 625
590 34
487 246
298 1031
478 1210
1270 81
778 326
1131 340
163 969
1410 1224
1210 10
596 422
1061 209
1187 82
668 1491
597 865
396 948
1309 446
275 1306
948 697
1254 47
31 916
1285 471
728 402
39 38
889 1428
149 710
77 805
1386 1128
959 1346
1092 12
367 1333
734 553
1227 475
1272 1140
38 325
1164 1190
1277 1066
488 728
1278 241
466 395
1296 1402
692 504
417 44
686 774
799 260
250 1097
32 767
66 58
1085 439
496 859
1499 1384
1067 1215
1453 569
1049 1142
1489 268
1248 674
855 491
1274 166
726 649
449 295
799 816
891 1491
836 269
1235 189
123 174
1220 402
1260 1079
699 142
310 1316
617 460
308 1303
121 221
422 1103
1004 1204
592 1094
910 303
442 237
454 1091
980 839
41 1230
1090 359
807 228
1215 807
1319 951
317 273
459 431
1273 1239
362 887
506 1494
647 723
649 1092
566 1194
1129 798
608 518
554 459
383 1482
275 1391
554 164
179 231
1288 231
690 713
1094 215
1303 756
1316 313
473 22
1224 95
965 280
185 1222
471 585
1310 283
490 86
1016 1289
33 229
690 373
1463 549
639 598
818 370
47 248
546 1430
967 774
273 781
450 522
1158 1493
81 1386
226 914
627 1495
1224 1191
1016 1314
930 523
220 505
155 846
150 1096
1229 1083
798 1296
551 361
349 481
403 540
645 1466
262 910
1348 961
1181 1383
378 1285
886 1498
902 1372
440 1316
832 1382
1087 888
576 1102
1248 812
1200 1354
1011 1222
699 1047
606 678
479 104
788 1204
179 1332
914 1142
244 641
1088 957
1066 191
752 1057
533 394
594 153
63 101
1144 806
1185 403
1409 902
1378 437
1411 1259
1230 911
765 756
1119 561
34 1445
632 39
279 721
732 429
1430 509
934 892
178 884
252 702
655 124
1299 121
467 888
344 453
899 1298
755 815
512 153
1462 787
156 103
1405 559
757 1166
1488 1088
683 710
336 1036
361 1194
892 1007
370 541
159 1475
1044 21
1061 1059
1292 824
455 95
319 13
1316 109
1164 680
262 167
1062 254
699 548
1099 253
1454 364
1255 1469
1409 416
1035 1161
426 165
1082 1028
1462 1463
1094 1465
1058 1253
1154 110
778 506
410 1122
174 805
430 683
678 443
50 733
1408 247
630 935
51 587
113 688
1290 555
594 121
131 315
1106 1372
880 330
1410 1049
893 131
909 653
34 209
135 224
259 201
1188 194
1406 601
817 105
519 946
1276 875
502 1061
135 487
791 720
101 1457
959 67
1074 292
840 901
737 228
681 693
423 63
382 1441
1299 890
943 422
337 318
1072 1077
1096 798
524 764
1221 997
1310 101
57 1179
362 969
402 521
1347 165
1200 1351
874 555
1046 1021
1009 1237
258 144
60 1319
441 863
615 308
992 1096
1123 1397
51 677
1273 199
254 1303
702 1447
1081 1273
604 564
113 134
323 848
1183 729
417 1177
816 1072
248 1078
5 1164
51 743
198 1184
389 822
44 1132
1288 1061
486 740
354 229
1425 1061
1177 1087
914 185
947 1265
643 1112
1168 786
548 1479
367 332
258 345
317 546
945 1336
797 212
187 1309
983 486
1000 793
559 953
57 864
1432 365
503 620
177 892
309 1234
900 1345
1176 58
125 603
697 1169
1265 1083
39 635
279 756
414 865
1071 939
630 817
838 727
1187 88
459 443
890 33
1227 1170
1331 675
885 418
894 643
867 496
1500 377
387 800
1367 235
1431 1445
46 168
241 536
82 495
149 1193
1001 1386
709 1223
884 370
746 731
351 39
172 63
1495 1398
506 669
692 1009
188 282
445 1453
972 374
343 991
1351 981
912 1098
27 10
858 1370
627 59
333 283
978 838
376 615
721 1195
1471 57
119 445
139 986
643 599
1076 1282
460 839
398 429
1300 1425
1129 704
948 658
447 1302
693 1183
547 130
45 1183
173 752
1386 1194
183 1330
957 542
47 31
1121 835
348 737
1136 495
201 1442
78 333
694 811
1387 807
570 1055
77 1381
33 226
406 219
599 902
275 600
632 409
1119 347
1063 787
100 1318
1302 1017
434 183
481 1187
1030 935
938 1399
1121 222
707 748
902 926
1474 499
722 822
404 1464
341 915
1327 1074
413 856
1276 798
1313 1448
1184 1146
1 1475
92 1062
1038 582
481 681
936 426
621 49
185 1253
146 858
904 650
531 689
398 1366
1034 617
354 1322
1456 529
420 401
484 1160
26 619
154 1301
283 88
79 1273
1039 221
512 1023
660 714
824 1298
1078 378
1247 1236
1433 371
603 615
94 135
749 503
165 676
693 1187
229 169
1133 625
290 321
986 1346
64 534
814 18
383 16
388 94
712 1083
809 1308
692 486
1045 1194
397 344
474 448
1449 634
363 906
258 1067
1492 892
1433 932
70 183
151 382
223 1109
605 299
160 642
992 929
728 1248
203 706
362 1353
543 123
537 790
566 1099
597 434
661 1429
1094 937
1179 1195
372 835
1225 1135
787 1304
343 1287
860 189
422 321
200 1375
315 1420
912 1037
1348 1448
882 305
675 7
1498 171
573 98
1382 958
406 432
1339 1383
460 309
821 1012
1356 662
1237 737
386 1373
52 762
148 578
784 225
600 884
835 599
522 1123
357 1096
291 906
396 1047
866 313
1263 468
1408 392
1456 1478
820 645
437 88
479 1166
1235 920
1306 847
52 328
19 687
1401 605
90 1325
681 1237
616 657
602 14
658 276
286 1135
1063 57
295 311
98 919
352 1381
1185 696
1251 1384
221 957
1162 1018
609 682
316 155
919 602
3 154
8 864
92 864
938 2
1200 1167
400 507
626 138
1237 349
1261 416
796 708
324 608
721 308
860 1370
1365 436
649 412
145 797
468 633
486 63
47 1325
975 840
514 789
1364 1102
722 1354
363 1486
1271 1193
1189 343
403 1349
320 235
727 643
921 633
716 722
909 759
88 78
1414 320
10 1341
1349 174
1412 892
1014 354
504 1239
596 474
1233 1430
716 1045
1051 152
424 514
1382 578
912 1258
76 680
1227 1301
1270 981
1480 1160
947 1469
101 1188
1279 1343
1327 212
1253 901
1302 1244
78 644
332 662
1095 1303
902 281
1201 317
578 396
1357 1127
1009 681
70 101
949 254
68 61
599 1415
822 319
404 1225
651 100
781 594
400 600
185 1322
430 38
1019 1433
834 319
1176 535
954 496
641 61
1055 1443
851 58
915 209
1161 152
1207 670
935 1442
1019 1147
719 1151
360 1244
118 1428
1135 694
428 280
433 1001
178 600
800 88
812 464
1234 224
1351 1407
552 895
1486 550
325 827
1144 213
170 561
556 1202
356 1349
1266 514
222 1371
594 859
364 854
164 834
681 366
1168 166
279 475
55 776
40 404
1098 1056
1344 914
110 58
359 731
998 676
339 806
881 359
736 283
381 682
930 508
1330 736
246 1120
1062 1462
502 173
1339 644
457 1104
695 1197
341 1161
1415 271
1480 673
291 301
698 270
612 58
939 480
548 948
1051 1348
1153 695
315 1235
612 273
1243 17
1383 204
526 989
775 1129
22 910
574 360
737 366
13 913
900 653
1386 389
300 1171
618 1093
642 810
242 330
735 1203
514 301
738 1086
1221 391
1486 745
1365 1174
2 472
187 66
144 539
310 1076
1181 1457
1351 1057
1143 500
1038 1301
766 479
1187 442
1449 915
934 413
559 984
626 211
1285 1169
539 1387
315 1304
121 901
430 351
1158 104
454 364
908 1125
685 538
1074 840
910 640
1431 420
54 1447
1100 178
1357 316
330 1452
1176 1049
146 1179
342 1385
1307 1489
241 462
666 1337
1137 635
159 1320
1289 75
1289 1199
1086 716
541 683
318 1484
254 858
532 1345
564 798
219 972
732 1233
362 995
556 479
339 270
1297 287
576 689
620 713
1482 1056
166 1479
946 650
675 868
751 486
328 724
984 180
1282 735
1201 663
471 1479
1310 1215
324 470
295 91
426 488
688 396
791 437
1491 697
86 82
686 278
193 1328
1374 520
336 1109
275 955
1458 52
406 511
1327 954
1101 1464
1458 762
144 1378
545 1112
675 1442
304 1471
429 203
635 1125
424 1466
420 1257
308 1343
1468 755
1250 975
1136 183
995 333
570 288
1311 252
642 1337
1418 4
471 761
1047 891
71 275
1210 203
941 814
1468 1026
606 537
442 693
1335 643
691 1019
316 357
806 480
696 356
1378 849
333 194
727 1372
130 1321
172 183
116 878
491 1499
1066 659
256 627
1342 1098
147 338
1450 864
430 969
693 1484
116 842
1123 935
1099 274
650 394
1330 1130
42 886
471 396
737 434
867 714
1132 266
536 307
193 106
1121 390
273 455
363 400
913 755
1187 78
963 618
2 1200
1189 234
1369 406
125 238
1387 720
57 1321
148 1028
1167 13
769 509
53 1280
989 1462
407 390
953 900
155 1296
1341 254
846 1317
809 1462
935 193
596 292
415 961
491 1457
420 605
265 512
848 100
1284 393
47 1285
69 86
268 1327
890 153
846 1216
145 1176
997 366
694 986
871 670
383 655
504 1416
485 627
337 79
1187 720
1438 10
1423 989
910 1262
1182 282
641 816
9 1198
736 1069
450 731
41 1025
202 652
674 767
1235 893
252 242
227 61
377 563
1131 1333
1093 998
120 147
959 1225
1377 1176
33 153
1431 1105
317 596
1102 796
1073 789
954 290
1051 209
1107 777
611 637
446 212
1169 148
836 43
746 1382
24 1368
1370 864
1197 404
927 466
445 1269
31 761
834 1407
1120 460
1167 730
1199 1218
618 236
365 228
686 1453
1332 1468
424 945
1308 1095
815 1313
1300 1468
1455 565
605 665
1269 1255
261 1135
708 982
624 703
505 1064
660 509
423 1339
821 1014
819 185
52 1496
413 814
1462 189
1183 883
65 236
1426 308
720 1199
1426 125
742 1321
963 1068
568 982
441 1376
1333 335
99 937
1299 914
1050 497
1096 120
565 933
318 365
1177 319
274 529
1412 531
1436 389
1480 228
1222 211
1127 929
138 268
908 39
1152 428
1222 1487
1142 217
1362 208
96 352
300 1413
1354 1436
15 102
339 299
398 628
508 158
305 186
390 1064
517 167
795 260
494 1455
289 209
1390 71
496 110
42 873
1175 1390
405 172
1246 845
854 1278
1480 1218
1402 261
1130 250
119 329
1234 246
239 1424
778 906
1385 147
467 1300
869 1201
1301 1419
262 1460
219 1328
453 677
864 353
1257 1161
167 861
1324 1323
971 643
190 1051
478 1392
1253 1049
131 195
380 559
1004 35
1425 747
1485 1369
23 703
187 542
308 214
635 562
615 625
482 154
1444 101
529 270
1093 18
844 1296
211 602
1377 975
20 607
430 1125
905 197
351 530
1491 219
1250 1309
521 624
816 757
203 877
1078 578
482 1370
172 204
439 150
683 1094
1094 900
355 1391
1045 1407
472 1288
318 1416
275 820
1 916
808 944
365 1199
1372 407
40 286
858 1304
1237 414
447 1417
820 498
493 780
789 642
1306 71
1101 155
1045 828
255 1137
400 1114
818 784
386 119
1187 423
1212 662
1448 164
702 181
657 520
854 1292
1074 535
291 99
560 107
92 500
40 996
831 1473
1153 120
238 57
1295 685
237 204
522 1328
291 656
1023 943
791 490
985 648
613 1113
415 1105
318 194
618 1477
463 489
1334 470
591 1360
1292 1178
412 483
1020 878
852 559
411 230
325 1474
872 980
1136 1218
693 82
1483 919
831 566
191 184
1229 1091
190 831
858 989
189 1370
499 884
636 36
1175 517
968 573
348 597
124 1072
714 379
179 1194
857 979
344 623
1211 1464
1286 1059
383 1134
1264 909
989 1375
1343 304
915 401
395 691
333 729
778 532
1051 1171
919 758
699 891
602 1049
315 1370
870 759
1011 732
186 937
712 334
323 260
1071 361
1084 356
935 113
1462 1450
452 616
818 1455
200 615
698 1045
602 1039
467 1240
385 128
1494 167
1073 778
621 777
1057 961
1287 28
1241 1186
253 758
792 304
613 425
1161 828
1457 1188
1471 84
628 654
1269 1163
1143 279
1150 855
393 1339
1121 407
1336 363
1215 740
754 484
988 1017
481 1215
1142 1191
708 19
186 953
828 322
1082 891
1461 43
435 893
473 1175
496 594
10 526
1038 10
663 229
1150 425
396 378
623 1360
253 389
551 1413
625 1304
854 824
382 1003
1001 1399
502 233
459 314
854 987
1370 376
293 1099
1230 1334
576 1364
1023 145
1468 1126
1289 1069
1020 286
987 126
275 1042
16 799
382 311
987 513
283 97
429 1344
1315 34
608 1256
836 192
1074 1023
1157 1337
380 861
97 1330
1081 366
1127 147
1426 1038
732 954
299 1315
115 1221
179 1407
1150 484
244 441
1344 290
1402 704
1366 1049
415 1200
1137 381
293 2
1313 1126
882 1042
509 290
869 628
921 1158
1222 1243
229 1201
582 1140
1338 848
275 421
1062 1143
968 957
252 360
939 755
90 47
598 793
125 469
392 184
291 38
452 1076
1218 393
609 969
461 901
908 635
132 632
632 326
621 1142
1278 1454
26 441
161 222
997 855
230 477
160 355
656 1125
81 1194
114 123
95 11
370 984
54 1291
1057 293
1282 109
658 773
34 747
660 769
1478 646
1042 132
1168 396
247 917
492 1256
937 363
1243 58
1261 1371
1337 953
1207 295
1062 1272
190 738
875 1326
801 519
1473 253
1028 450
1266 1391
1008 561
100 312
1373 1163
1429 591
379 1233
206 673
764 547
137 966
345 791
698 420
826 569
352 1268
883 1416
636 807
24 347
920 858
893 809
597 387
1027 1275
1249 1321
