78 8593
715264024 884002440 96862111 908535956 494602474 340710565 723323002 808228243 904300974 495572101 443028330 154405715 608882650 927861330 311543857 670977727 111024596 616366695 465607911 778366831 1068599 80978591 529253698 254131409 237222917 8682768 987923568 406988964 846932854 286104215 637381607 386785125 979209906 179458823 783476360 919730599 100211735 657296360 650762820 935255139 865529494 564677875 682492339 554064999 686582916 606275756 477623245 120890754 985691217 542240464 281849270 300416867 512912274 504387080 677617400 147067998 785711862 245666673 569982799 297748308 691841808 976189396 388218683 8363452 217243086 665474392 775551442 618771395 839660303 330923905 803663725 934132016 51061766 928269508 407087060 477281923 327540334 726857023
746798500
12417748
913088299
572508263
566888838
685721687
63341981
954251888
485253604
878676115
877963055
943781317
771787143
751172188
49170483
69057031
186504412
518451291
842180532
26010600
262606112
765088632
262410791
923997979
299872225
856181352
153840193
329858927
929036936
705757617
28607091
7804594
409175295
529871668
629145384
3508637
400069001
334274988
454960005
234046556
249137047
35391843
814589348
539265144
391578739
956529854
804715650
744443182
33912777
492504572
160241770
616696896
775407095
196037741
184003729
489072012
965348141
552690829
345448794
853755514
713513576
674506731
46101129
10566587
619583593
110085362
205352266
820648548
482015753
863578017
684305862
260938547
813422029
534281685
534812308
440977797
434561765
516162034
909990090
878916452
547932046
761965921
132683729
62647854
638253404
424042778
709757954
342665979
204905723
912590650
989571704
530219639
680505418
48208153
812466565
712935970
929245431
728469958
954143433
693990554
928832129
158500918
984740908
252319381
989960801
778657809
212953361
780857202
688784312
699285958
873633635
251227800
773688372
618226905
425033288
767399223
282197975
494147142
842915887
417523320
896823253
952953808
694828554
424956864
669126068
222186808
188922131
339031326
22516006
566101864
486491344
726135585
557436118
231250559
234061801
895602450
184531829
749030273
506782520
59583774
584299279
569180894
568155302
359852237
171001799
217255474
320518662
669537213
907418952
326933716
396086540
789009124
750192414
277153524
673169043
622676968
207500092
81693195
891784181
172667726
596231655
616356715
281224763
931251655
294351407
702843600
480658022
540930725
113057185
127817605
680685171
530757137
656396036
7157016
588789143
3023097
22846478
528465950
490840852
831582830
647606148
459502125
696327516
634396312
70948933
861354523
239935266
619623134
124471008
105120934
566874208
542121219
370702236
728106926
575513256
726488801
671279993
333580224
861613534
888875304
569043807
992724124
341896733
805048181
42761079
925918501
188350794
139676788
589849258
451372870
425007378
939086142
367601338
406807234
958704988
136246044
338840313
415602009
613707974
148855688
208998146
747015047
39031542
687007344
2651570
512654914
723885265
805986485
220983737
203627156
638462835
328178186
756415795
531436941
172487847
80035102
55483440
11217375
629932780
856745061
392056479
295650878
521388773
252010377
603058987
143398899
491374733
301873458
969082152
678804220
442668379
850086028
355891703
649126447
367241364
541009756
643838466
722602377
767829826
453521890
210528755
645688882
845458556
101836459
995377374
801295785
562787597
596115409
655678960
520850784
886639328
826389410
351911324
593328568
93526705
342256568
602185666
817401340
806542415
629641154
555080205
166150621
650319099
760675409
739209545
825347076
352251110
245826789
28905579
330429928
63198988
192261029
87051506
55786771
982886595
283423903
775670275
138030926
116504466
536599317
902100710
653214564
200320871
781110770
895845230
167418433
861573645
214594957
870162137
895720222
374614720
46637465
24311306
502011477
813197694
120134299
262190972
939944634
538209545
789237113
176716129
91150844
660989539
827100605
633449552
380820843
99835351
460014277
205741
103116047
775646941
889863999
873120317
940069567
118902758
213449171
685323834
611418660
887075046
522191395
750785424
733667452
658856015
290271869
728696139
350826099
231243451
597227444
305198228
789325776
286490007
380120110
359643083
156932536
727145858
561534656
585551596
78395245
369861198
710696823
31237209
783474989
675693145
501910904
804985075
35783227
596657757
151126182
614046018
374529332
410994162
478564811
986681066
515669704
577774448
389952943
642221049
372794520
251402335
333384466
843485058
4126539
414375103
180058310
735460267
51057674
712687224
905241986
537128994
313496110
754426883
761662273
203558425
779367450
201520348
34651353
847031911
360686872
903704647
69485578
301753218
513510177
60977124
677789502
836651896
721701097
270445831
789714698
230573959
176346031
430779336
904163578
925147974
785453304
467088192
32854614
22170074
437266003
680409716
200204738
469094614
95687937
915087655
396854451
954086498
137917203
377527796
551196209
650952573
491461647
354149601
991580595
37601845
744683464
562810474
962292148
218197975
94961127
406842907
432647252
718756162
649902591
658571580
8046241
272921738
271610425
157499182
848783410
270768164
140783302
367817639
463329757
733599665
457774218
603182163
639294969
622152738
542196613
892774642
363697123
210066094
558316340
955927790
662114589
396325997
297790781
429290185
98690808
504036071
706152063
148075702
87368239
897384330
48154734
582971244
270155477
172765604
688856943
547643513
946936962
307986383
611756664
553786582
969249090
967220798
554561529
913931615
959459148
9683995
183102778
864586051
353768779
384678109
675050505
397587623
587053025
486919842
369575915
994575128
530839664
721894789
133079109
717227986
434573989
63292535
64872066
825377966
122203247
510173339
383687564
54097117
733645028
593766969
509925869
362209877
700538259
962317932
661942312
906575765
456273628
498148351
739756428
113628684
872213683
861007388
524055447
301550290
241883346
693265583
697748981
319631916
981474378
673210423
988118958
905109345
68819155
576162770
122525873
295479864
936245007
353721780
278511300
564463329
768225878
185415594
252639928
367315486
202695167
660236226
387685497
360724085
117023858
210661600
250807803
985931537
383185692
792502887
919833627
206490256
94919536
224450123
76773580
495471982
157700229
188076270
558323128
888211180
215496081
745216909
184736415
332803387
871264473
206430977
831849159
846223880
271677142
139251285
63322074
17778732
568515016
672270306
114153409
74591907
284891100
532707936
181510536
306577798
875490056
722625292
813266173
210657609
900550671
914946504
397581110
630014936
233362882
594047902
359321103
968129358
542075251
255973655
463270820
379860380
761886586
19084338
854060067
974745529
943034905
185178805
573262885
157334235
320914681
838457227
970697852
494432300
591556197
713961168
567596562
391553596
358564574
503169818
356033578
239879982
946720170
647738757
649810587
857442616
381304455
139729675
928024887
853806594
175377672
366830969
17533330
280292713
825075560
214036935
816906828
924681501
656185896
631344935
451706123
131809704
8582721
690191691
148862157
503012725
54942904
196383544
703539264
349864877
785678862
134840174
957066760
268165121
816920205
940570918
192531164
737469038
790524009
562792471
899248952
488665593
666767422
501946326
102862915
156802646
579029259
760477574
174451377
446850286
787151569
741207962
962058346
182561618
634799831
256735881
928285284
281396737
557538155
525530351
491127154
701151338
78093398
389319922
706597943
233211947
230675095
985672864
89937620
238560062
576276309
217662527
859878018
211709864
876260448
629184607
779736813
306478002
536966751
558848783
421261120
388806347
182884275
627563998
665126302
513687017
884361236
865592234
545115450
794277949
806158008
514732589
612618490
536385192
949158410
798653753
405348277
932835325
384429187
711676561
600770327
126983312
503863583
35741459
546026751
251287568
763789384
105054193
253200743
878259914
640832505
819371189
758723696
109741115
921134390
115428693
736599917
757752395
967584445
503250261
989623124
973229056
806407089
274209137
423677507
937518637
569024327
740624873
277716743
886558251
882533249
507261335
759992803
4489124
282397888
686809446
273253111
807438111
247244816
889384228
657383096
960517397
318741237
714547690
875889139
608678452
656078664
295853485
102064086
5882982
496756794
846527856
938170406
465881692
439404267
511929581
649481278
735948282
685462502
1231996
692952564
502324239
89114229
393028067
399962830
732324551
42372810
496152425
367859009
434451618
731743926
126800301
99863256
74186962
274686970
790326849
810720459
322500588
110538265
721603193
613015958
953031903
233904528
468368628
445190541
503666693
803310847
435016784
771926428
482273154
116608871
859844137
686502232
986799104
770896414
566803869
491238759
25768263
845701110
42785036
239673149
255214104
569072763
926314527
81612943
610912231
649189103
794019058
288284684
179224083
395223348
88858710
31720089
639132790
336019768
603127923
853197440
850816118
450265310
622647396
480208730
421431555
218978626
555611513
311435088
697546996
575174227
754394851
363501269
29546204
153046543
809184331
553716093
457515128
377392543
534197648
721303
293244271
617322242
642796211
717089793
514849799
733765178
3491367
167103147
142330269
338683127
196050559
253664797
462187347
452685597
914146502
348179964
163968733
562489902
573533129
970071193
274283568
516444333
637713313
50925008
608592452
93965169
807029004
65689348
127031061
619377090
525942163
391074601
614694727
587967684
424863549
879533759
266416335
120471155
346660232
731710084
576754260
491973118
193973565
137931298
468437385
503510486
161638021
109338085
655042160
482947443
374091781
71170100
632763343
993564082
970686688
303234491
792436016
752120071
662420198
470244943
487671609
679944457
977354080
896446176
186211272
795378613
340894769
142188766
615418455
611049304
370325562
807578352
887704764
204738454
378029922
433436198
830648742
768740288
529898162
334649605
360692729
535725163
266637098
887675814
419637873
482744807
611353582
265886562
645129245
304695598
5487644
123319379
790440382
548125284
698963393
154488881
395569592
817295217
143438370
969038022
171458592
226658098
676837367
587810439
788663163
726142002
95301913
213620182
612209555
132099447
317433658
102660072
852504841
156672789
713596846
167716635
574086188
272799278
217849217
822759072
818190422
296367352
247114706
789811561
372951476
976584260
990636275
194203327
392708346
305881222
430904478
99109387
869875788
621362681
1650414
928176240
545993534
249257689
669548677
737815209
24201637
656424447
213543905
817743830
673580464
816908864
452131915
174819478
621601328
989827652
770368374
286925099
672009545
845604776
766618422
918384106
791969086
987753268
509896423
97133390
349068488
110486230
9387799
133792401
869901174
861850619
797245478
392439698
815016354
617024708
691379993
842355825
823362917
551981246
387505155
264009346
311163401
407792043
784920263
889774976
5003313
689300266
57616862
567430358
801291604
404970302
989901120
236627628
566697178
143330076
643428267
762787996
756989231
329744074
838191127
956315039
714022074
942664243
217116907
6055409
109943589
93528040
681883998
655191294
92984394
690423183
423614093
935296740
818442374
678449970
636858792
604714988
785727264
803487086
236765964
301516596
980739811
825685725
400694837
472595738
64053222
281467734
591243939
840971211
200447866
481424374
390884357
672296971
287293268
735780513
314604765
698611854
248539037
432078847
192993479
328608443
658081009
583326439
620678694
885496484
126283780
230901363
975181545
50142466
540013819
816472138
442968968
7950299
664247505
415149941
819129617
504844240
456985333
763905758
973173136
450908508
493718104
18561619
106961190
312005601
562263946
29799516
606617419
289732328
953930920
697871772
297395008
531750575
197529508
828224072
378534525
96639774
675144620
697740708
9870797
824110272
26664471
606423965
632235588
508498399
441035271
678679405
874508868
885563409
38664935
762390158
61487105
646045654
358480008
608947402
891214259
517225512
86425400
741400539
626070066
254753490
232207438
703051884
984970324
483972757
902728426
843005476
356873235
814659318
328209024
467410333
274533266
292269471
62424608
171217933
922409021
244621404
875701455
528181696
310661631
613005346
288994834
948350286
535906263
514485445
733900907
581344194
472804371
489231886
836226018
889646844
235109484
567215486
882228743
374200843
551597040
695545516
14626927
826058515
968736327
343196361
223392798
604194289
333806583
674983147
314206037
272160268
689086843
127989359
486313704
418274525
772819989
797659322
533667365
313455694
543416885
822661038
154447561
650567672
355968524
410513426
703693162
328135166
899112811
166754877
319878096
214156827
475839189
22784030
97737022
346717828
659802299
672535569
283478178
2401109
108118982
191295972
700721222
784411110
633079249
237108252
597211060
782237381
245346129
744353314
438735802
999898044
716031103
153268411
896095191
184275994
277267424
979999833
620849439
791922873
643763340
442897797
245268917
896478911
660077179
922104629
81820209
774729011
749960860
489601660
726981035
320374548
486812341
56447000
873117276
35479717
844304912
549601610
743860196
496720515
827863577
773542547
872822016
356050210
97310068
978886243
575139544
175772808
209977407
939356803
119759847
327710742
187222510
169510615
91370043
792945288
797463515
298895208
675946973
778132480
782511506
109259757
536901483
580592741
401452077
724732029
994871829
44688650
432919216
575273159
908080195
564819837
460855333
780432804
706862724
795209312
411597796
468912023
422814400
630928078
332428343
960248691
208716649
116861668
218052077
221758536
444478352
660847863
897318683
942169711
777675969
86165786
143053836
218983547
757439546
192683848
332221251
397931387
852829431
653381664
479441979
395710827
569275303
107507895
900937220
835445531
344014260
71587696
19123321
429939384
201217882
560863826
212103445
947467373
971824838
369377572
517920353
622473127
715274263
376417886
776114613
632902382
87925389
321059445
594488984
23057105
365262714
800906825
299393126
757923044
67677922
664185117
882520911
130847377
813616477
967518199
425082403
145710300
6940317
474015353
199877924
965406522
106422935
222753389
362511583
75997465
641518313
876317513
696241013
547970311
167020953
543404514
278826829
647893321
387207427
26267629
984305303
728096749
379044042
62350237
780532889
957888807
345125427
3374685
378041776
123790435
86658296
884063750
222732391
621031053
300841786
864778598
570047806
117214434
465237091
648136506
269219847
572772807
594687989
412275449
589194095
902408328
682861898
889063304
826998006
568873768
490927728
813905332
435660366
245308862
257173358
920430602
266025124
198896218
592721935
834194891
154189336
111490081
486886152
786853671
501325569
807133662
449706371
228455518
320011138
469141776
762462977
90928459
599781578
19316204
988546723
591700964
147916733
263501058
715521362
690675303
251925375
113960631
924477056
595816473
466688759
662013159
745736377
384071462
28207068
921414889
749308271
844255257
606642428
944546550
411536114
767525910
863443476
960256364
806172839
56161953
517185506
108821365
436243566
150642324
474275476
224840849
440202713
714912108
334306927
655500067
774546726
133385495
647417226
269124959
595771870
44892377
750879391
765065020
569662517
626112134
30492068
796128947
379242082
754502168
411675969
279699805
681623257
894042290
854732513
932246822
751792833
962677667
28024603
387895273
876316375
28138231
84376909
438137534
296348665
647147754
491517421
937334382
888638395
864256488
593922889
938743749
839656501
670551200
139363607
219601424
219646286
405332450
192453012
688644199
321200958
49884973
586244562
953232317
846771039
445399877
386200150
539531975
182454192
247797409
591633345
571751387
558203013
696363557
618852739
289631301
804872889
860080608
961036206
518235701
879068085
667519089
755671845
886766738
471689875
315756108
9697340
822273382
35135047
223680835
120794516
293653884
310524718
9847918
804164955
692966187
515548330
349031158
802204491
115476076
876435672
526089030
905317853
600527907
231026275
544969952
535256208
810144009
711602365
109938964
333901414
686475267
648557270
535920039
544261238
835761193
545966241
912610498
679265137
344349633
536989174
778550944
509455898
377178193
937751008
307116694
720586957
823991606
976094819
200494373
243081510
792625548
415801388
857230346
417488036
342854534
537168637
346831188
192982201
699812794
477818386
643665922
544776057
362045573
787913580
761979462
132648743
803952256
419908708
18670112
85219504
629148306
960705904
116885139
776459132
489112701
604529389
382951890
408575870
466882987
635290754
465989536
218018984
200840749
763647883
341600865
211599705
935336684
126117689
771045602
570846957
121809747
338382577
353199749
694957846
693164781
709203473
855755195
358789371
500200286
416446091
764200411
851611761
386148822
864022670
44471340
379259854
42971336
182760628
651430181
390093062
39476066
388262507
291651859
111635840
776046706
841228530
568671709
147885609
570512274
865457563
919363093
918449625
250710377
212393801
851220866
186892193
841260428
777300130
455279390
200851700
561029696
853408048
877337900
84465821
172119868
814613422
242458659
262716358
748993659
999183419
863367096
187645787
924188418
151861388
340593285
924906225
882941302
336577358
523969185
978121587
988900778
79324989
283712572
191310889
896710737
966603299
363590579
124187393
86324967
464536348
876682232
440699526
175761942
779001740
402327453
675146539
947262403
241508346
149987565
243326356
309419898
581634260
555947888
22324131
507724248
592373057
197758790
900182362
671417517
280314567
631343618
377099204
920925222
25307005
197446419
611607954
628287960
950635181
269649940
176033144
681028049
324022042
436440859
930699172
68606679
33551897
542297405
599681670
218758041
796524290
499700932
282395387
42450997
690027042
380853512
483559767
620700914
757398222
983342917
369448138
121422951
58175065
145214255
657060728
948794015
53353124
438275444
372502025
864962525
906344822
368615955
277104218
399503745
552313200
28009920
120359784
405297424
694570025
875938902
326271204
683174680
948478984
414285385
829288285
846105750
287222256
23457442
97688671
723495026
324316328
494388230
327391963
420514679
439937763
241823830
753722673
221176249
962684601
503083467
513227834
660475339
662648858
514659686
886757190
630955268
158820955
886721831
996456400
722820163
680205818
981618218
909939445
160539832
840158343
49164392
71194340
431111541
930468097
31938003
411448547
712042662
257584629
349148289
251220312
425044910
683053199
459292489
131815085
845445221
709489033
766270831
408785159
757170772
859739426
671942200
352313133
320473468
320842488
353478266
661231049
115552946
721293353
308361030
824583209
557116069
970979253
698246488
150546313
452007239
935123991
148973765
458377208
621792623
66814848
562868500
760721767
850993280
74336158
181121540
893333612
437844375
215030677
494260494
338142523
69295329
517170620
74458145
81648500
130162627
548118507
236482398
639605936
267319765
103055093
949351611
225061961
917275306
553142395
817267133
188000268
698998494
856171623
580638169
679033320
258108858
172150932
474654788
240183924
759198545
408058200
716315450
931203098
874586640
95331822
421706762
190346945
190943574
633801214
431359843
320353435
458040426
973682633
235210462
595552054
382291525
918048006
369363113
714048033
324528397
895063020
446005345
110829168
595758762
873720875
818044750
57237768
809331787
276486002
134929591
11207269
941261101
777692318
342971433
555516830
405756929
684972568
15417260
43743452
540034102
836847432
483787833
519426094
509633272
602199167
607312932
303781483
534582642
331537291
553615378
720986545
976041711
93223568
194233249
908891078
14727729
854753994
264379804
413002459
274460029
651173511
709105765
597039515
715717856
704612437
289831936
216583261
932912891
700355096
728089451
458187034
30150344
236417748
225532307
316126722
872885877
414892849
393155815
821773680
466276199
959479355
265068954
573766355
55217801
265084027
593716502
402965452
281589366
783404943
87138141
83003539
523738773
387007969
325311909
602199043
762873107
669808409
687785994
865060967
908106171
412387633
193602073
680981309
415274873
387922812
228094148
209424534
774534167
17769356
117699195
537466401
994532782
324554114
859147940
247091586
162106485
47458880
277568501
418398927
851994889
573900500
334156214
208666441
297325963
551760451
644660548
997552486
438903147
265640504
926714274
698689457
262840197
501938894
993303510
315923458
787940777
277797610
20328697
238283673
89870520
865239820
130159132
913439549
30796210
257740285
456358323
867231306
849550001
979264635
90547998
354159691
98748374
748218834
630035505
390372228
582308154
200399950
322351435
316068994
342550421
169053022
521480278
798799884
193061145
860398624
915700610
993504633
87874079
98257517
49639434
717798332
993060404
515883462
698320055
342168576
720632763
214160656
790413299
649504708
801016736
919660943
104267925
37141922
63512421
660140434
791795946
515670419
18244910
77030910
986122545
623859462
355167647
164635343
588926428
163565764
756283855
922720843
64383175
703498099
33432301
871550838
385844477
157656151
701883650
801148976
524409675
393027259
405284150
826292683
225913485
397763639
178365456
255511172
590614740
545985005
869441959
354577229
504885790
107394455
393692484
491059258
775967496
921969389
103285134
349906424
453637836
128727133
363300119
457098508
810074116
2545302
965897871
236871408
427148139
808739866
894176227
402284300
450187718
726575045
862768594
9984632
121025546
438025683
163302447
307784620
306641372
176280184
676120550
123440701
518624930
790747745
439777492
480012526
11618088
58499439
125894287
555320489
758859506
720951784
959443070
216216585
678822403
560511396
973020691
545788372
296703573
208917315
220485186
906346331
133759410
200939268
307780994
360484230
300512004
65678279
261892335
568508680
700106477
332430874
692072132
761433503
453716632
219542061
989225899
78659904
986639065
305059490
947770714
718447463
319300807
289196111
834631500
480843565
21588326
738654116
52528484
536373697
32776830
194642713
806819209
368589743
381066427
428994702
312984024
956950011
23537327
982185115
259892354
432041231
156123874
367632858
6324906
285088953
786894274
254207766
71686124
553846012
923774043
966887611
425344932
795147121
961801508
629190366
87039755
283780449
566781565
37192021
143871287
78881028
599129502
126998800
607493302
927435047
841581665
311011859
470242388
838576020
171314515
237544430
354032487
698981598
925569590
777851359
3510057
395177867
536072442
41337410
955169002
348281772
917739534
948851768
818735456
115168031
223323259
114000153
890164127
840422928
583518595
691746291
857716352
913481587
769638582
949253033
745679999
920274312
803309000
784617660
453519632
748556486
256357188
609410426
54853468
417796401
823931494
764227294
152928826
432184064
649380292
802231715
870905752
257438853
448496780
101307873
833432256
26858154
170406496
119151096
562574781
22758149
723440587
543621426
368238727
774274484
842679383
291805095
707801539
631279181
749839758
215348113
928231351
503881058
850215531
162093305
691839699
88534450
242298160
440807475
513468453
321903174
770803507
743412714
201673908
500215941
511291211
455032008
893459161
623127346
323917865
543323525
670877333
99699473
205280650
352924225
330253938
978641597
381326158
878945578
131342154
706709263
224431303
916352081
702321833
319658809
727456315
721672211
620359944
700761737
37282835
546009530
104515700
347511189
836822395
532597425
275318681
660715399
113428752
515726939
239915430
29514591
322935659
276252199
176804672
811304802
736131695
887214015
327224051
921033629
841879208
621405309
262203580
182451500
516632808
819144281
399520567
882438746
578100487
772262553
307445037
998706421
398714681
184747169
343270310
673126227
862550229
196900186
549180898
419545366
751208205
819093032
638592788
929905200
953128270
743595806
582294159
610558813
169990146
275705330
136604465
560039543
667359788
422874166
865180851
777263141
206791475
489598112
497863061
875801528
714033078
645934607
480827214
26330809
930505379
827095597
941622203
195288263
519754098
85276480
415132313
218072382
181749599
49114773
314374134
316103905
348812957
686249641
655009909
830737564
980552360
389430009
346293889
20894869
980005159
49953869
194631847
126899346
355623167
397029432
737302585
641499999
366385806
10165761
759527306
554716248
563655482
721378885
286882321
360184091
454733460
229859974
960464289
831906114
371019894
1115785
331156107
616503252
506521613
753872918
228504282
986286321
548341664
170792776
115928632
467409135
851466941
448075107
258815520
802161305
899616118
680133901
371725758
602083951
785432058
448712715
713457910
983802164
804479518
195084377
235783584
496137627
170765195
763176967
869790584
682573984
962151902
466513685
62572507
706656183
628181180
258665107
471924220
975832573
862009921
917752337
894206480
654041435
371626291
653467460
239136681
611745261
329875341
585113395
438443389
732330856
360238993
909103559
20638300
192669444
281991944
903813596
128028259
294825904
525634917
204639194
65165128
744362754
715733194
445341880
657949319
316424412
560778796
67077971
395479283
737846372
455248778
626462206
412845295
753333599
642249455
744951505
103330283
667012792
462082392
33923461
680854767
408805740
611466944
351993517
135043849
666671802
349013983
62032636
580388297
680533644
520517437
350717713
657573552
770610586
675893352
692857569
405237548
393650262
427743384
453915350
510348781
551787120
686759141
620202060
553760172
186165461
522146907
901302530
759242606
688884274
787471096
776867935
598375965
324097369
204643982
957251886
621178827
809833813
408165938
592823088
465442448
430364559
428495811
197709676
509483080
4261179
98566262
400609494
957280899
214913388
603034116
916955001
315808519
990584138
146301243
859038689
87039320
332865915
448766215
814631164
172940111
388058294
200394226
63051159
441209394
267133666
56191241
237128707
401612390
626440245
603040589
701444238
507847920
351414820
137109010
141571951
228010912
857606608
648688947
600327318
549384953
352197818
388554610
867884468
278895153
452618423
122403139
488476677
392437957
557937218
366257082
327923683
154861163
631861426
350932954
422244331
607754458
34676266
158168890
339363025
856681218
29958160
150831285
343854590
544558740
701427710
213308222
585424745
567166738
321880593
551484671
735948570
804387735
120679443
606143272
300689702
285431450
360601394
376347661
977665151
750512762
340957401
827776911
802090568
352730405
843725693
332874683
859171549
386044619
822286022
874024856
399152502
629435743
830496355
617542215
37722281
187573546
759166888
185927828
635068223
804588481
187928832
868336267
248834984
533936392
209777524
817580114
803596710
96791977
282912580
324287875
636049997
830840074
421474128
955837894
834282835
225595674
412385661
54848895
203166818
580412135
257214458
402233545
726275696
839508963
784543174
448529679
626898215
293558951
610021546
647764330
457517324
934389023
169431470
602724113
656808318
758804758
419346515
606837845
913130280
957811249
347535753
94488762
687819190
438197098
53828387
472722660
595657996
875483325
737393090
69449592
808917746
988798654
492859966
681063865
704310887
613247697
230578511
58694391
186047774
969028547
189837895
995362969
167787286
153818185
510580063
279482446
964958861
595095830
27269115
487498024
710698674
839154075
273402109
14541007
738369100
688248124
300102448
496529965
747924892
218108277
728661383
141695688
982098281
206994864
423302652
995894055
938081543
592733260
734452667
601395421
192494726
823101993
804810083
526320922
375251880
318004300
631814729
894047679
986531138
570112278
783306422
793364814
623675279
527883931
40709070
507626631
438800799
211764406
876757108
806587744
395446533
252069911
487700095
935942908
155981436
450505196
663428400
333410614
434808298
958863254
319624888
34509437
514557186
381188422
391827503
240406545
255115773
726893658
960840261
325887707
133495802
131479013
446125933
196869332
479265368
61736567
937374248
484333982
587880926
568865767
25645027
99426123
756003569
252330114
661618802
891478773
996528729
221011472
727177362
489686613
932554869
384220381
202378387
577834493
459502379
708510732
426595781
402631052
153419774
575311404
679489592
395375598
623819845
776762124
663269700
3543797
408173088
595983320
903161684
413711477
969685896
261556571
908556653
696318138
654274210
184782761
388215744
144562980
480246159
90326471
658132282
224828852
743311785
222908663
517328744
52032562
585662644
794945455
345408125
43147891
805307639
753413629
26066689
38794305
86660616
869963761
58993381
277374718
417357130
78897663
127861904
188070382
184835525
654996917
788007543
101208037
701369952
599955966
982689598
520824218
711293434
762058693
566100790
146818605
737770538
80194323
796663865
576028031
66079343
770142144
359629588
355950614
196190263
456476547
262155934
671263745
48625193
255627148
74463350
845618053
19896287
786829504
839241004
202520106
470747824
68366352
692027943
259801127
894421084
901761019
44011964
332390974
884742561
244073527
57043252
120672872
943812940
991853819
700241052
545487226
166629161
93947874
632925477
78961289
356758626
87160024
418227689
715933823
484764323
475056472
417996590
19951824
560325628
785797745
249188141
777765052
756307807
616210064
176101150
812060110
317484371
544583849
988912801
347559959
936954771
775333642
825168209
461769493
480267892
395272204
164315653
965472774
541874556
21323090
914954120
787665919
379740586
409023904
91114750
152449307
562335279
821358402
844984743
874213513
195795185
403922882
720918017
132246940
372952740
916970613
755242741
354605756
231145522
310352496
22319604
396682199
298637317
442060090
285340481
5668824
224144339
617243443
589427280
465604806
42199623
609897084
921407629
993267748
311001834
332302026
653922534
220605376
129546743
419135153
213690392
774266605
520311329
541558093
304180913
82240924
837091299
184017456
987763348
203993361
990780682
48926943
110267446
588223119
55713729
464519331
110962874
77906938
431517172
770728682
589970354
188835360
134851825
340887050
558922462
79873047
320304796
561180341
744934159
134210480
906447874
504476154
441569631
385469491
764966642
903989488
97945542
859809172
366493095
351793121
205150478
845284101
925564793
833904464
444634719
853276116
845853937
592506142
751567125
593429244
189439406
672894088
898355014
658301365
457254096
868401874
863042770
890092913
819950519
868062945
313213902
972705423
909487377
990093856
445517958
62606318
451047869
285415541
644813188
273724595
722095814
289849933
124939602
967379528
551683059
527098828
315078800
725731060
261525911
633872483
819496378
898589221
339869259
843308249
636666569
426947891
528068387
909781744
534903495
995692703
766165186
79551003
480446822
524616088
518056152
681107129
337536402
413989644
820900938
397967042
415943005
492037889
302999434
900530258
9898848
6238844
915060391
344886833
797599996
876689182
432880501
529598234
329194770
271959737
940535
880231812
506597397
278953909
910739219
150970796
922884169
324003388
312827588
73241098
218502787
460200955
726214122
106197297
369794466
202206144
559740924
290041461
75863464
577636526
239224318
795909449
703313823
891289172
583058669
310477319
565933844
809787656
288502313
128764773
732245936
520858185
10286920
84767777
923747723
146896661
559820931
476155297
271498585
732023944
430412564
263341136
179997152
208587085
500803495
153981716
186989723
648499329
324738521
94108087
706562447
750657564
120080560
700437617
516625676
434496967
764798184
37519210
424291446
162719989
675370580
360281630
787425
990791183
358079994
849285627
176144654
288407915
619610589
555751489
821101622
45596390
653191009
369845549
46085329
645095937
413716604
774782053
859807399
368138547
606711938
96286080
267984911
930541966
743710382
839550400
779394554
915244106
933913077
387943642
882812025
765181497
441833754
510515392
987353372
897699190
335267590
160982203
501905684
874986734
601836562
547879249
333660529
922944373
123627859
841891090
519378923
362422043
302316390
717971598
236787786
572872862
628682490
549270937
241987192
912271097
613199218
582015516
61745589
544116556
338085708
939246152
594820757
983786920
56023166
310284744
78333294
225566133
659140236
1220911
959500575
81433031
238760768
287741260
591624424
142253564
314389993
796948376
717480334
399144207
820442247
634402947
779486497
558693757
830433592
47279899
453651059
297197733
240588116
767469149
928100568
652050052
825746670
944930095
826900040
658776262
273079352
855908302
612113468
690862857
151579728
776921687
629078200
508666349
58802284
963303338
295116379
709796685
145129956
190415121
568583648
295977024
293238129
288655891
619611689
297928558
542982753
592920542
781684911
669437132
849292858
882609187
19144869
227917810
878512566
244141421
209462112
460531238
12676456
745615271
126582084
315696166
507126087
581842172
787679816
853704019
967855564
836490424
320152384
927967211
630089218
433574547
632563671
994547315
440814401
730993582
949983930
633096399
95947143
517828385
848324190
729772568
886688303
680324234
207866676
705770254
53877498
609174685
541989601
277021792
883050152
209101976
866639457
817208482
228879758
43632040
559061510
512545340
366764079
900866046
346757325
568769381
280769490
196871160
103992936
993468555
141238370
716255899
558770331
142900048
346859417
50971756
544212336
917653494
116620329
398051793
261713560
891508994
924253191
296388849
702847793
459452968
565922657
123954909
808635952
762334980
755572549
603480131
800421414
122553706
971765757
174156549
101122888
177428398
83426526
241485428
151618017
119565832
599027393
612084006
590011238
503355513
972573944
443751426
393272304
497470640
64740834
100775455
686193488
726549163
560205896
976553596
803297995
715061656
572645115
979473333
912556409
863109885
127430110
62014087
906999041
480471153
574948513
755385159
882502188
751646517
450771356
739296712
237491647
658002512
589731108
786862595
861266077
99935121
307070995
177325987
816793346
455480054
239194997
886614444
539083520
582176177
684358624
155687935
462596899
938276155
586069060
839292957
614513752
465086436
884554231
421367681
493480397
792130254
152605156
344855431
353849352
419303964
177663453
688913285
991897106
134043268
457727890
330958409
189750681
337457699
977738443
254631095
609349307
462987989
880407909
797023140
614930200
268837360
594260427
973653799
106986114
1147296
519127069
168858712
957193235
946205694
373030383
206667603
751327248
472836533
226511212
409709459
5769134
988178945
723450776
547691274
226918385
212093071
285971593
727535689
717333881
731623520
152306192
303465697
638447224
213561117
355938276
214431492
244906976
523494194
848200847
179658720
786582381
10480147
40412419
670778922
218890690
508179043
655524130
753286071
132485486
746169528
648035196
811002313
249035689
713177119
375995107
290479802
23854560
9078347
903176609
67112697
383661616
898763609
110430072
739855938
454564026
394910017
588261147
232254726
418607309
629046589
978498983
676129238
596929087
971365351
91149276
846465160
635542883
148125223
654518614
978010340
719977853
777499455
362405002
843639396
731227243
801809250
494621509
178040822
209329838
808801057
386956229
759103344
999576516
419679051
150545556
887842681
434810544
971666787
469968428
674851983
266497151
43985740
652645271
274849666
646313416
711118446
150746516
424317773
406011008
317084601
488447988
580083413
821501377
929379723
34435860
649450005
691736829
946071116
616292061
923075906
3176554
420743143
739949238
702946470
579452149
55825785
685654989
536581424
970165451
89588891
924587777
325988597
429182764
618196385
496315257
574724951
242469584
193795472
345376007
294576218
523763621
209876274
182773655
621170085
590389029
365317783
667563234
451058173
283217876
214740902
114088626
836061970
467697507
751546374
283216068
451279384
441380465
662991157
898083208
199285660
837811143
868434610
766538401
289073925
203825156
676520381
861539030
220753805
84614239
822080195
214069029
892197668
884077089
635275748
969939473
929060119
735590228
498871053
933744422
787948832
552257830
220720103
313927707
443115312
618330066
818142582
478703102
632908065
441740307
663760756
709438001
932473005
595191036
774312780
831333331
289329522
115438048
765819778
381792086
821182114
48294730
467963766
848241799
107453070
521367805
978845912
146981472
317579026
923379596
683042102
593721038
318255609
762494460
632378202
28973291
452427841
315645629
632268894
444797921
726817638
949090062
64139642
790631407
480826618
88326175
730333142
994002914
575322041
440216060
999842648
353858712
398789223
317582125
317941878
548366007
143443593
302278060
890053159
612949240
412240890
176761625
658963728
741862984
831649281
292359253
138553629
71483467
86629690
103390462
59891413
662362433
491391035
20737823
976766567
264758214
419184941
965699478
308411200
927714201
428904745
140303428
765066515
967698392
495078420
57160673
378117004
388469832
968100770
18522874
705874591
259935438
65178249
195579468
794876724
346731599
240556009
661158736
801744784
793496582
955618901
48340106
723023236
151530438
868166876
481489988
704909401
115734826
542857507
155646491
51580365
182721436
969115630
465675074
715541985
468028897
664326828
634615019
799401358
318346127
815595660
34824086
270575472
182560372
368179809
50273788
616187534
643259922
813544896
819724549
492667057
396043311
961042954
176460861
855614631
594931945
623773922
793513650
358472308
103152462
971292543
949500850
284263418
86557076
831266284
110485185
856855954
366997195
535562796
921368200
590924804
816530099
617012782
67847725
352376356
62203168
525120750
588213663
668614254
709148547
793815670
479725048
539669992
525830315
5158700
429698133
400681773
530132251
241615279
203777127
66912792
513246612
511218187
864074152
674890027
413936296
506094229
258939663
287828960
408931318
94043322
23160280
338124952
133463061
915183417
712325129
661670082
48330349
202496647
483995340
238113735
938326068
248828740
568668972
183768159
698492886
742273438
46073635
980210716
792602399
609508879
128397113
64176087
362593333
413907707
174756818
845095803
108591276
133702708
107940542
614292527
659268447
424595575
969531030
542561806
876903119
335201298
409468040
651892269
155482066
206380088
524968050
106366134
689507804
701652544
13895569
729145480
490248256
18518179
8090490
353732888
119316220
94395707
677754015
518069291
317728411
128481585
474477795
706257256
389985827
305699090
655733596
749655589
854214272
14322485
734228270
296757579
848991576
462188438
845525767
806254717
358635404
404020855
286733453
769188923
510588824
359067347
678945513
914427357
26393220
975161326
659147763
811154301
115319113
930706219
382638221
60409754
784572531
351097955
99976034
195283284
107473457
936722916
908328963
822021452
832065640
381541141
590698122
343155169
14895649
350537949
441121420
834215955
403155463
330293874
461196316
62118552
137522230
284684862
922482804
508841792
726691952
753974052
24375311
672757314
165802025
798677101
666051464
942084205
995488045
474439857
157662760
275398154
585974172
311708972
15519618
646954779
698335392
307774235
835562225
866767599
101219406
57354534
686889190
774737740
385755060
417068537
835606535
354104533
990726053
752685961
508306010
140214236
169628245
551447838
612082092
984471456
360370579
255980548
319529097
816761294
656368165
257970638
961280255
488296644
104738279
253012994
276062811
267722166
99396440
607402743
772000566
930374009
852186937
342086749
860301642
776224682
168373834
795293050
194798311
604707715
122561621
478009341
903747574
47443483
797482214
240623530
663818978
411647314
816356598
781315528
702799601
765903531
25032821
168373501
684216323
643702670
991591369
598659188
352448411
855449364
18675478
209120592
384947760
687603648
291603978
149534926
579709593
192646364
266448414
635716285
666907753
756956097
423587244
932140375
496984948
685991374
765152820
607146836
208095162
456659887
620524555
609739626
324674494
558343237
469401146
227990042
838433462
115483840
160625458
77345968
537218614
964186166
297066942
558760340
533005440
705049157
712761295
129852019
555797403
856524546
494483045
407245092
407708302
247202500
233656575
991344137
517607573
210472476
147800935
371527456
641738418
126240735
308082102
865291119
548103845
615449545
497164778
780670540
407698842
735505646
191121349
968065739
34667438
647921130
306082489
87731190
993664657
350759155
762883825
246726083
950545399
375742459
713958523
358870369
894035578
787451865
384310960
928015149
245063864
615000012
809184768
732840779
931281249
165364734
387302362
845541879
435427165
212800274
811489668
973570318
424262629
671550014
667691546
795384092
27628366
792685906
900413366
652056313
153051434
914631705
671690512
723423235
713367638
271358896
654402945
956233776
904723485
55379924
624909914
534227668
202200874
991884201
919525265
851555981
413029674
739819075
252784693
789246364
58168284
754139376
259400964
571705092
121926331
992609542
948288482
686899683
73898927
164504673
670253593
322156593
274973017
864372736
76042063
445315663
801203506
141275393
131450943
579027918
939235883
608868152
107897498
352647381
514950222
839930926
784818258
654243933
426011486
126619741
867978375
950803087
768588545
13479350
542066316
325245797
753220839
749265596
487645617
304020187
487900420
400273528
13856917
604169362
49090748
549556827
190797927
623755837
286887372
541451552
921879583
559835529
739652588
765568313
540933167
419765921
588578745
68317451
884930517
143307348
684376669
555872466
253112112
230855602
209837411
943520994
330260293
957679171
690289939
76878096
184612253
410720624
124504527
24887421
997344651
596108680
52909200
60472218
5477024
889804414
299037040
125213465
56353895
222812577
361415215
374833436
768745270
623535399
634637653
942947479
377866389
226384535
143699534
674426039
361399729
371879397
641341519
479035904
137253940
263740385
561301660
3059159
679147784
634320028
272101773
167609826
371338652
205287003
478273704
182028025
684115986
869777382
516655644
767811086
566498761
546588779
422129990
366019014
113583910
462319030
47930709
761967967
831109990
723140627
94952706
516988603
127181019
549677973
945587039
627951531
846934758
124502888
927958779
221894584
106147322
972894569
558788013
304861193
577241941
546161997
507787751
382614451
482552694
836928534
177856441
969685819
32469534
186870128
543229622
850057432
51661573
619474085
802097457
666187986
777810114
632701947
469974843
66215260
792203367
676747295
6342953
369792925
896642300
803488868
564166678
814549129
926850353
385340038
490881359
156706545
439974315
920461506
251987720
999859128
270047061
83513077
28363119
498321819
182995570
93980721
806689128
45209437
343742097
212857794
354924031
688815055
351134238
434702109
776370976
948796517
532789389
21099339
159525638
8557369
388749595
171137576
638351171
327005463
820359828
80370145
631309035
591558558
139225883
832214534
53675192
458641440
857532553
93872780
826044978
348991735
313800670
533400280
389691679
736925376
493842296
106984260
131693590
207677896
896017469
329153623
737132082
590639355
969539286
734465442
867702267
871338380
202705976
70092076
8075956
339108590
469444996
206690398
67657468
619244289
744914072
984741965
420154575
622783342
833726831
106850747
565456382
913566574
332850813
195318980
642605444
889992699
376366432
118721378
429558092
164714603
306697357
802313336
942218281
156211945
86570273
380856405
530024003
253564688
170983437
284321054
820589451
807976905
214767521
806880537
906794151
243993270
499427181
530295075
100889213
193167169
767061144
755898570
202319350
92816428
803462254
559499356
846344294
486397294
980498652
240990636
346343431
409272483
974485887
243798662
778038788
164210850
31163699
794563293
226235335
58204214
90816851
442311469
173614925
279694490
455791782
663591553
287375348
57207027
642710344
575439494
22144808
630395242
62041381
84648702
271541173
866397188
566728297
381677824
168323700
157986497
855403712
895910888
539867770
271322861
74137403
369912080
468527427
210889228
947854097
967271843
548864005
179002706
423303785
308354745
648736257
944770038
245964286
606373874
425083909
388781622
707809053
705651165
114307075
35850636
572939408
234925344
144526683
477769066
911390092
786855602
841895210
770042429
869749808
527913435
999792606
89171852
901983477
338050284
341905281
710113605
678680758
445265316
507717282
381871623
911904896
771937022
752015701
859938792
704034929
740714950
819183244
210817520
526785974
79081660
742357461
474533335
195074400
348823066
326503363
637602004
878370708
256895726
913771949
839019856
26112788
994041978
910891905
216293143
372025950
184845853
171960910
703564959
696763990
565643400
435577518
330606876
138985854
882510774
554751640
826301565
312234596
425258124
664239623
98550719
817374093
796057188
965350210
435266715
229360509
402104157
25665920
609492494
425552073
140327762
199152424
665276350
492589176
434492096
576379344
969947253
694395765
730275364
634361292
724940926
513315776
719504376
655804078
205451273
406071933
450322822
985935686
777146712
118019604
307027807
865014509
277839971
906720146
535678932
35733887
285039336
602147007
369798164
235886565
194384629
252541079
963376620
210241012
897132157
117721224
413395745
979553023
68255999
888080230
535214517
51297589
778695788
798209429
538451978
86746515
894780074
68127920
262532007
491686987
751346693
992240727
465466524
301674868
457454804
57517145
548969903
813197336
637229459
787383278
384837707
388155553
633062348
343610030
425888936
888241398
116529059
339013528
663861439
409146759
846440419
101354040
955675889
642567073
530999529
971641743
595914001
695853916
744551864
538293519
744289658
383668235
392102203
317438419
85349221
427376047
634664422
467831941
451624206
765492094
833848911
870038851
392394450
138662425
549971289
515831921
12225864
989451298
816560866
928077282
897441136
192856632
248253965
575764361
226265174
258066998
88395763
572247193
739881170
279713426
782254777
345230595
617388222
442371656
993740903
865021729
595199435
15983220
634755107
831652972
436333288
219837781
803615129
213237975
364985740
108946014
917446088
919369470
345298194
118663894
234641273
997074153
347854361
59559713
627122795
437217251
517340865
711758773
628961025
616298296
744616731
820319242
65006554
849654847
18117355
578542702
694039454
941574179
966265738
294760546
623905490
199164472
261847452
195593484
199160496
321148687
989752
225221786
903021991
115582666
652226020
74703317
857731654
14306214
704991230
383613372
186679253
19580089
158338722
991534209
188548941
822998656
926527117
964128029
592232423
924818666
705193266
324532628
378707605
361616646
5425384
278927316
504110142
824847602
133963722
910265399
464894497
503936885
574237304
869602179
46002015
233689306
679583357
851928239
438203668
807053108
162075534
522072208
963454245
485526506
178827503
399889574
503450990
371935259
315937835
569484863
821775222
513269317
516887255
620894467
768984642
129076425
175986677
185915034
7322965
114293575
908332085
445031814
222330107
633942660
377994969
161604432
805846358
655223800
50544729
744176590
524730949
941683793
209453363
61496221
247193267
646521892
999926231
155308737
159564469
362693760
924878899
338801021
318154118
183800363
440547378
176470248
601314139
842654002
163233453
800452386
619118252
879578538
777091785
875834667
578346598
756101108
223477349
595519590
121042412
564940075
24458972
829087867
321778849
672119178
611345552
881319430
51027482
274418820
357992004
119383507
289518731
556886761
733585120
841508599
669157965
216526795
390156929
845455514
630256365
599601480
561085177
861624278
45832432
600832717
134100186
287576353
22824935
746770817
973068817
984251588
690263471
755159400
53006886
916825492
2646991
807712220
199610125
802772454
121088603
431613219
655481628
838295205
862524404
258144528
662474651
619471323
244252871
245919564
800832213
696455164
752528228
502550636
492627403
956020928
910684397
972649289
16526906
633423431
822067099
92370000
704497052
796697492
165039646
395978288
833299287
48467043
322485544
347053776
404554498
654048471
973499056
447472722
907459033
763787200
283358143
497978230
20213518
757301405
759755397
628630809
638343091
910740566
838418396
900343388
862982980
751013788
340410416
279089163
297518113
695121122
255483955
913444
246784269
856654704
458027486
873406853
915615253
507492139
686326778
727609073
260991192
945468695
112871341
482735826
434138971
519199229
37184378
198670772
254541415
326921291
138723000
801453302
329987935
938559195
977129940
473466116
57852273
847351900
216258831
352059894
494426043
963268949
153747889
20578744
418645810
440569155
495154184
954176521
849186555
428631396
227569901
295845527
880688124
361046418
683222387
461607218
662130787
582284335
481796253
479647778
87229578
677126543
785429243
997450849
126775248
804150570
550280662
768375631
675782247
573742688
541152651
561953647
283396034
320285353
758690165
130492194
594881367
38690293
841772052
278683603
909835122
790188320
412329283
153054791
81607708
829227805
381242867
668633768
101477611
535878586
827506057
314976912
613399963
22889970
108170943
298868421
738079416
228904140
939599152
31633283
621008984
406898125
323522990
206645462
545379618
863934311
187381847
642216550
755920006
548877112
699227064
382921653
741590709
542294679
847737237
130025274
312476949
85747137
775048000
697610118
969173797
714001313
930627669
995257519
752078938
258476722
258357490
39367270
175257272
432277798
572644363
792738670
398361628
351278784
827249592
791267616
725231497
418301417
129604545
547047097
915169678
974887318
539733465
545735967
474948028
58760652
835730958
917560098
952458551
13761249
758851901
650438240
100928208
275290378
490814737
764967770
136066592
6901948
447484944
269322737
7614658
196845981
194885494
765535330
900830971
677820285
821061148
634127644
945519838
74705531
109864324
1083569
611851121
637357020
529119587
154310935
578753713
160789269
484502719
261785940
754365729
420479673
603017535
942990363
994961002
393294760
82107965
183862834
216545985
282689939
661820371
11800439
692646311
918397171
77749345
418222355
217448355
65892310
460010977
827462550
623375806
660208621
686612724
567536170
525080963
816959421
434139615
691106562
67592862
733057356
648859926
177721667
755625039
257942387
58530805
483311685
47673312
891748017
769003321
315834744
497054110
409287629
992884579
580073992
432296357
684744926
328989333
250995544
311584687
782366590
775667718
298767993
391082166
574542106
615722247
565616193
766595294
740941072
548728821
223081814
248279549
554311234
50139625
899065725
995856304
211081852
788454320
351370168
777784432
603668239
661920048
543314332
831800949
536117426
457415887
303055052
643971969
770537503
555312847
242521510
368693899
626614013
896095399
247613612
736107488
448097355
370236741
427664504
325864637
884482973
554486383
874152718
683136672
837132223
985007361
410184634
736186998
848534654
346653732
633362275
826890287
790050486
424713074
817313888
213007681
17223801
843117026
907077290
718194751
104883020
85706584
366241577
628624768
285108093
706657400
166265782
458975572
316783241
719575170
76285478
217620070
369162953
492883665
307455135
354950587
325077638
307887921
529892406
933198343
498619124
178506516
831401911
179511543
556928270
118058753
227109389
675979980
192645668
830498536
896103453
678852146
802494024
878648412
102705184
887125966
79175858
595942048
784749297
877774714
457577328
437753481
223367616
120161111
367014039
717469402
334033204
350139032
862495844
295443051
16228306
982247869
444522119
127718481
798107490
728264503
398627142
760244318
809438007
75830945
513183379
112435758
946127781
979070061
893833917
651650051
69847730
612622285
264819858
335941515
913304176
888798289
790296242
782201235
151668316
644968888
816429414
991817745
34445840
891010564
489090303
68786030
972764501
324001260
728359275
127171535
9651111
784412600
244361049
557286027
165958314
503478925
396842915
611144792
862424314
396228666
684168123
653504370
722751075
949280293
858385267
622008952
702658634
75894435
188829420
350167899
56258117
44975700
554465765
898270181
309510773
710617324
981970723
842890162
786689688
313098272
887710193
868739425
703636700
497643743
24890125
789602558
811129191
572619553
834650069
124680082
33846311
785066807
555954274
199398126
449490609
757306418
953117135
422368799
426461761
161699850
913850383
316454327
952001698
501669298
72138289
971321627
510210928
668117521
440230085
725491180
744560290
601276980
577797048
252262816
361477673
174688303
236366257
338222536
568291432
639513953
262225148
537003070
329854503
423098565
984706440
84534923
61936304
874708398
142832180
845638094
360572321
528413211
961245579
238248082
754423726
517115288
659607300
899812485
630119843
845496755
280282717
329055650
220821564
252617657
737333768
133800860
484709895
852577734
659797089
207313160
892027148
107225833
693665233
896863274
455542476
941377234
781306040
429573312
402180705
301749699
317587366
283120604
120106337
481374361
144926122
343114480
810421542
710910950
426510334
266351808
281354506
728202493
318518806
999026075
383730423
238042346
944942286
599125984
143105805
680445552
66960472
1048495
962566988
37189527
647265247
646972358
806027712
190746601
721086662
934841521
163132716
204328444
89996780
116589295
953759773
179116254
718090073
107266686
995040673
738232466
783050826
495836524
530678204
912667946
171450334
937284163
161253502
401685399
543218133
379518042
423056655
683491854
825316810
808938334
853024043
575289735
925461157
136268325
33050645
294466646
328057963
636359334
783967891
481566759
497473888
221023493
899372488
225686523
405942255
963317543
477395791
758160813
240696641
690818166
143884809
171217566
310841675
145639973
357815172
128103962
258289273
510686289
239782076
881116780
910344585
829232926
84268845
57678422
640101408
149822964
549727571
328379233
824915825
660269680
592353084
327936065
317277093
912452982
528175508
651370258
210029613
204889546
613502794
566380997
217407439
67011012
438790421
757888193
21209551
955148479
686680960
699169459
792432295
51885348
957030225
161213242
213901784
661960972
965145213
642188337
734376747
860064321
833207530
267032138
885717663
688612437
782054470
971693533
449864643
654649010
482999439
123349510
553135100
573117539
523518372
106592737
613520869
409970370
410076955
126776929
639240181
372780167
916926512
87445200
400207990
196180780
382902370
775918056
529320661
394028030
23312943
487070998
292149107
237481642
515481024
182306171
553278202
362976379
704860313
155405871
597949679
694022884
735329539
230865066
54664963
224997163
732011377
717861291
338738497
422639468
25666904
10011885
437498119
982173437
515869390
126149690
252935614
43550386
765141269
100129196
491104862
541791483
808853708
411111852
807030925
663421662
391979009
152035727
466708136
337369456
674812430
332339993
748212220
162986246
103501038
940542265
738554861
22781006
36248246
17757866
979174843
588455888
532638050
618884731
501172395
624900082
829046365
224416143
156595354
396599843
77849314
646078891
962340647
634264163
884020501
585586827
415762899
784096496
102100742
384460246
219218663
724081288
119792235
19176264
440865048
742327011
332053891
580993132
194012812
567902681
930364152
785999015
117640372
741525776
632144188
65013014
222216409
35494409
82103196
841429238
496779262
624266172
819406984
760321672
749328474
243515798
57930509
334451438
784965674
769360905
662841603
353425206
39357811
30443821
598825178
161845287
967779258
648385705
740064002
970880405
369361557
865919289
861108095
823568193
359492363
546697440
696823058
188241558
793682944
520707873
558829892
515681727
569043090
322024737
497437883
355539571
908998470
240290891
140129774
342280408
775207426
14541144
379374886
169924962
149926851
594722510
589550453
196696969
865529506
504133917
451732266
989489315
360681204
660256324
960756127
723306252
381464567
748094994
743107103
603077443
32454415
56849489
646148756
18665535
475532355
381658731
132964297
246917430
440787446
514696138
353395492
218874076
430506895
461837784
321141551
10373696
578563563
447610436
479304497
47184560
108021678
235611437
690691024
447406339
388172692
134646769
967464138
436550044
705082534
16388816
500770371
528884261
43719591
556204356
370502205
481157468
223958301
343804330
994128713
562187483
528993807
100035286
713542452
397335123
191523854
686416161
754185283
418850875
462722265
769713538
9276951
83706010
384813752
660975457
288218442
622037294
442122764
490098084
142569558
470869268
84552713
595554939
134080436
365501644
42734538
319942094
583496319
546301595
135518126
248130512
603670697
72592005
571127637
162518938
380219439
30714209
358845436
801677434
715158627
935248763
867393051
297218316
233465918
499529502
65837786
897610988
192085905
362259218
391836493
154314819
990213492
540930202
437551110
495523698
627926749
771230035
520836508
703464886
571254307
895508214
455459613
128641664
55814184
207289174
823595629
585094140
561579723
176921690
604416679
728337172
4273741
59137976
541168926
290591066
371092805
275731682
336980184
234641543
832193037
436971261
362632078
680753122
333612605
535120531
810211685
502449090
391720567
370466148
380081484
270298960
662873149
886085367
971321137
309369679
791174786
557588582
424431047
969781680
257680524
313798246
745969165
211479185
716963945
314686735
111773682
460202663
198230446
621940327
91044598
890705010
860399978
17797224
532636072
903874805
709510548
597603717
88827156
100153694
194276877
592311945
955996488
469635606
966549655
891117699
418063019
871713276
824810125
84382883
392563997
483234611
232036978
266333775
230648331
907905385
398579685
978985055
753528162
461733044
617623749
213460001
739042284
501441273
844682561
538645898
139797929
568091605
875598477
232425748
680693891
398328008
443536987
65604723
735683998
112494898
443786455
45172730
858549340
296600947
549931522
242571599
118172508
62830589
178442276
811396485
577154581
460036698
551185928
718140524
342716398
767686233
499025254
544301855
210235881
878801945
736580333
476784492
47538145
948354073
613333935
211064056
375407314
353088704
988684465
847101757
615845934
849519775
153088717
683416851
529973902
751302209
579827742
799897621
795878516
746971458
244734738
546194894
103562563
802210110
254149590
456198353
784562526
731803213
559029507
789594059
730797728
386239046
348457499
509227523
121585021
751506753
566072318
585121955
178971333
121546937
224636920
998874620
543703408
532625967
611688705
583664303
202163517
650784136
936926785
798141201
700375377
257721341
432468066
772980115
815026424
733577650
165092313
314214476
607707097
198367260
900630857
808346115
46846177
491562264
322067834
167627388
244101411
559269887
598196707
99986545
960956467
485235609
143373822
244255731
556419339
997165273
75823728
99399627
669738174
540431526
53730661
972442692
280492041
108205964
739083664
862558479
536475540
520888364
234641082
211309011
973253
336614016
295470821
838784754
299996694
28334655
896036803
175248206
712616938
375008128
439709585
452314357
741087592
153078903
356803449
499780719
565115257
436312334
196663671
420723498
720801785
859682394
849754061
376483411
459318886
419467381
351387769
145359051
552021189
476840099
853054658
441474747
724286782
108054849
657141147
807014194
522505757
730048536
732435766
396046825
703870303
89762306
511724968
916442870
551614176
486622462
211978001
400761124
724752120
831401125
177128413
765979627
422454476
495339967
589064701
781981690
170924283
308363386
879942815
587766187
341750776
714013324
107712036
276352135
664106147
569988154
459278385
838622411
428201228
493694915
271466736
976334315
868333526
736661855
324537562
627404666
109309729
743451032
783473806
387443880
932460757
392142508
340774499
896424628
90515271
787692041
390038928
157145638
628949189
46726921
513266141
155260444
905552653
9847806
669756493
834212510
453269121
47180029
357908489
302371168
82272595
542583584
973074946
288386175
255624371
666717015
939631444
749160421
583591871
540669405
64664242
713938136
650452488
919010130
168190915
35449124
718231424
109122435
114346355
424311080
313983038
507797161
536379322
740421362
920223045
138425911
696854051
13569404
879283354
704081605
626479059
720916617
565791303
733701486
643024927
985992222
259660992
760131454
205766739
478572227
841308729
666072758
789203155
526591932
568499620
83679885
123040681
303549565
637178645
980727676
977784861
209360045
698010507
908002372
992122409
714665644
575269179
517438160
41202498
77009125
261523660
400238942
226865766
805742691
257775598
4361527
3271082
907359820
909149350
890298114
972771745
931329892
536531846
427188056
127340589
111493129
52563737
7063256
143244792
429590930
671613508
321764308
760857641
809824379
474035404
124668712
322750934
239363925
965769943
478713329
870740328
85625726
516377095
559557909
62826758
358506919
60308764
137062685
672087761
600741303
65110600
771524124
549100249
753174568
862099961
582270611
856384755
436281891
45291430
507272370
726026821
6431421
481788293
703288023
36887739
776960394
251757551
684371501
727947337
59847935
853059247
786795402
107148004
253230885
198802653
659004768
429259157
271712474
42609946
493739696
329926186
146616638
113857885
575888986
236469059
213466573
503535065
295370409
932919697
666074503
773090331
672876347
281077996
418825851
292659177
542948156
865729810
131715011
408989393
850638540
927244447
286019667
604865014
810801930
9211541
363851267
313263421
229616840
526694452
229817132
340383321
112758687
217117412
281178910
449285401
486904845
55178231
917876914
131332761
648972435
454924059
692583071
331939407
723443050
414045988
504657722
550438087
646853014
538181338
662119965
598697391
152159906
870553929
134386430
197805223
145805460
55996655
648478694
71174531
949630494
994266751
66368911
798396566
220804649
582405716
907783030
165125523
678427324
569351421
400697195
916829074
842029987
76410865
792269122
837217985
507582318
941556843
942628188
683035275
434178359
226244153
159177369
468479430
120351777
46441791
205943682
795996597
281328202
317501468
776782671
195979884
598888552
813844023
446344555
252805487
468712279
247068417
923619175
44451542
488126617
889857671
989292188
895726624
803955327
427263155
574810143
586250176
888801884
669939602
81387776
163876442
977252139
663739997
568097087
211105765
561777122
845936439
240801034
111173783
260226913
238116021
300746179
231500060
868187359
491101361
224834107
630868979
873054415
342983112
156158710
455085849
815928818
942515805
221370056
514086155
723863747
698312246
727241789
54941423
312625381
600001144
762173947
105137879
679716187
993148367
8639296
380639163
627834668
793082616
118340846
933783350
820304895
727045128
256796559
470801870
121722802
51921710
2941861
150905092
634332195
964950220
890323889
819920119
462177404
971813831
461303460
866986535
800491001
611751541
896938377
718779181
69833186
508662354
28496364
7657053
372879620
74141372
148551675
627525453
739539072
715771146
112869278
147604458
491631865
412040042
393799754
921225840
812715726
13690551
744722978
670084157
337476629
560125038
436145739
369667160
909349088
175956976
830155011
538099616
20382152
950462944
698242378
542500215
557643562
677889475
146902966
207891951
73470808
501243064
424656811
911194199
450482625
488985250
450777961
848650033
369304777
344385759
490737631
390915490
49020146
441802726
848498249
218810473
555755905
642901658
967531289
96612575
191906391
683161724
189471866
21233437
112275315
985048791
793989594
126513641
244699843
966716429
501842399
596687994
483854623
230044164
987433343
982959658
755142319
741966459
861187096
18737501
587123175
895739309
197962017
272327036
617513163
847255159
311951272
524873593
978226248
884195955
961386963
505937266
121344048
706762716
577485652
916911966
135674321
469913106
560495039
991793431
237414789
397253293
790870542
318391057
67036727
189906311
433003781
878685373
729264463
41703639
562385480
369355795
284355678
688423439
722650349
680560014
61000718
429966465
981789880
789381411
502468413
190740937
984942876
126663475
519378103
759460098
976635768
258938664
935770476
16342567
912321087
438337652
34083265
797023898
321702945
458780902
634166460
931887650
51676578
758739482
120408376
497366602
838885988
526353980
154483683
965605983
730190219
506957624
684268965
373793978
91239489
140040460
93810494
320101164
483094187
526611665
659341383
291275907
981713021
763085114
990412685
52285494
323126032
378383331
709585824
42126588
789001714
970484811
759338778
210596120
969590992
688416783
384411495
502207531
428918444
32485787
574847765
264051549
466291347
849203682
134171638
482339410
546756559
598510135
368864149
126191176
36089693
695158075
7204384
182920212
415824657
228936722
411972924
161934304
914495463
783868976
571616681
325324818
151832117
940348355
801771786
679337728
492301200
305329810
780817369
769896305
774771488
383636572
152903472
194274973
736599352
234858235
554604721
488541729
252542738
70431711
785833130
30035984
519451961
551321152
5929235
829600529
988827676
786341986
634710184
864047815
907810848
1070065
958421650
421591251
822095565
21800915
426530256
264024412
328907970
562693387
340972093
923761870
760778608
992093431
74984247
453370027
434057696
780840179
714884417
565617598
411438226
717292198
714692618
396684631
677140342
363739211
410807987
481754744
869144141
712717608
464596068
27755230
998550052
128141304
869012879
973518892
994727286
752643008
33338184
332689091
515591935
289026900
288334081
742985028
77024561
424479051
139943832
820754905
475267939
462354
813093683
451422724
8970949
311058500
401711845
218885207
734789320
129929962
717268273
611399327
513903107
513962603
736250052
376347010
798210184
468260248
147802769
592703491
163842841
966961497
832566901
46634345
792357825
196887498
139461180
614558658
776683232
406018296
794250662
477442773
2042562
804082089
940977875
171856875
757098630
676119070
911096576
258314553
934581289
813644817
726727563
858700272
20890841
691668897
631425899
585970804
884788564
760646444
884033750
898152494
622189537
291626811
279731171
416775874
910504067
40350442
133377451
905725132
383220214
493215033
125416408
856076934
803254503
210024289
770624604
665793673
79786747
748934988
261502536
311978097
496121557
389229975
679448154
352416691
301414411
758547997
568101991
750169330
520576507
598664145
261429081
769898122
389526882
817240354
485624286
348625200
223265545
102607414
677426504
49027273
756164065
758705562
715539978
13901441
666124653
387685617
980200044
15871941
227040324
361178820
665538651
153568023
663277758
260403091
992670597
59756538
752289094
667095028
722278507
65579106
754477182
37786643
674979012
542975768
913868241
835071965
92548315
140829038
75585783
893143503
356188085
617479785
582840983
125039707
164772703
453448487
78457051
799352235
994019772
418923133
983310024
653183392
279804162
741841865
182086409
805570061
698458130
36127395
781271532
459446648
966164381
429846401
24588537
846415947
324166977
329916850
139809269
141613910
943989676
654140838
920932744
800930958
560983418
272912669
634349460
825763249
344882244
525444014
512174926
161703130
551185948
329683990
194022593
806355561
816484371
275346851
36920493
496631092
532399561
673801140
595039858
4051404
194327355
889512869
210730873
486530890
872873712
545117460
931497773
221677239
314278167
599715537
739496185
164868228
277328237
440620318
63017819
615634498
167717291
802380930
183883224
872218478
954574579
482711480
60393775
806253869
28540199
370291833
699328346
996917082
250592254
649882630
669141618
664201458
426061587
620466782
767166115
692116091
519043308
936951284
434030153
138571637
103945004
973585286
933861717
94836932
159078952
256639928
108574466
481743954
47684517
112087986
498143215
728106582
374161692
865657460
329576138
886593515
165933695
11974594
816580011
668821677
500870935
529613290
903090276
558045647
903016802
246295011
722021769
704194499
234044142
7477846
399210308
545126617
719089253
658817319
3713749
125635042
764712540
42144498
357947734
476188991
841671058
861411226
445383182
897475522
715210381
416060382
468995014
285480261
635448860
734834895
499237049
66491780
383399598
518551100
733258345
221309244
883326322
427278857
495315978
9284992
806159208
431664765
915811094
90173287
472929870
929285612
626898125
823524870
821677242
981555352
306107112
114606902
496171037
21156191
925329601
127002365
913569721
816409097
454676771
834876325
703945068
322574792
128907368
462577016
425035867
503341854
929012269
599372626
388141611
487989275
454217599
518123615
358972761
405574292
107990925
24302047
970025985
992788548
816440025
143855017
661603204
566392760
110674679
846410754
429331412
392521368
43544293
324674638
466172475
56252441
118662185
423412946
343091979
724169050
712498674
429761402
101177338
438341835
306151019
126118532
317606407
122816395
572088096
393052334
398167628
88763307
898000055
875524341
53373516
232327530
293590593
836809558
911731391
738388285
748978894
258806119
385448692
655280978
521931137
467662251
246336452
211039432
171990484
571153780
573757857
863648708
643778722
516497758
232069674
513222773
174176292
120271279
329264926
705524653
728540384
67813099
171082368
70763590
668741148
121792393
295068698
913097616
591237375
356619954
936951286
957359580
874472991
980417787
746060241
274067928
238498850
978972661
723368691
865142475
895549127
904483993
708272512
732180456
803396212
273931436
161929720
901126509
655173721
879508471
597137211
734478386
880552462
500020241
664337013
103587505
468907634
427695324
819290221
974700499
658502598
709091886
212204599
314007214
847996545
980288452
835113104
961967164
373285562
569916928
419761183
290326914
226721538
836385795
906855189
698914880
346579195
158788740
347513938
573408490
22957670
249087211
423356099
751512253
896662276
73521294
266008003
504000847
202871455
868811710
84544048
143272734
129543872
701139667
302325648
286776041
38990516
637780969
418959583
277223838
983375603
360698747
312668062
535885130
26835128
70540037
344932605
4420609
582090003
730043311
880288939
731876068
692362557
925898958
539564095
494344289
29127148
755098142
834733659
215965125
146857107
66146721
616639536
818641422
907353519
590052383
847498279
851398696
560484004
341948682
398561327
798848945
678064308
492647930
57220809
721225833
567010762
195859346
61060888
288974894
766603208
673896954
821575338
963060318
450741678
987350379
357936909
186852629
662457221
123892953
305078024
159507640
98879540
325823483
193070651
120444337
159225358
957231611
362052030
116156577
188578815
280440230
159404218
283346084
378402694
14551287
543961686
918717550
817441828
585662004
971388150
910440255
516583040
38202216
424218728
534876701
452284764
972557393
225718649
451616796
695061426
334535934
398588693
523955175
370222915
246279304
339945877
50767456
480327957
63372422
348386224
73069419
993402224
606784227
704232359
380540183
530619895
456910357
793216548
124929004
176641497
712754041
491562570
99596424
41721618
40246908
529814043
892082868
37659715
161399692
371160123
534497230
839779766
698492809
703844832
764256215
434259046
535279334
815355220
763324244
155349253
765852172
735125256
25513087
586378154
699675294
783983803
410132158
116132501
860646504
374637436
455767725
809531132
242886123
729395171
95285031
435350047
771040993
930602405
489209829
981482837
731593558
229778346
499995343
46761795
741956651
459563386
737005114
629135146
266405179
640242932
44568906
918018939
27815880
872530694
72782662
404265394
532900266
807843479
612951322
399530502
129294215
813690161
362400395
690087151
143853056
281907335
608835232
734598670
403114296
409057559
175778104
773696048
59259431
482744508
29406050
855775205
78417456
50607221
779212445
14454525
270060339
590498013
828809458
764301450
190543803
409535383
894724933
412693092
903153038
494771540
32792193
84129905
66244947
820650584
231799918
403459646
804586159
223602610
604748403
671527106
86239134
758019962
514001095
117082519
765610132
102497587
436087753
366202592
912873966
201944640
548561531
99992159
490197215
110181810
28720088
474892688
955906237
45430992
919264426
652962407
842281961
389089817
767855
927786288
619148606
611904336
817447284
539253343
947553753
123749786
346186447
695611469
358623947
299480261
317983678
258140106
738287450
483281076
477034482
545257275
652054117
709388903
213660648
827803390
444396144
805678244
576635609
329070707
468626551
869793668
790826428
616135563
623181640
875578616
79963013
668279097
292874593
465797119
193206520
365032729
943084410
68897825
110632963
437330589
713439714
297843728
324834513
369426658
749080400
802404731
287939408
297921367
908046123
907598793
590933706
2482077
446112277
185158252
266192916
236920401
284505690
259243411
563601254
951771135
390740554
443834873
972147999
336275581
437587372
587655975
238528881
427639540
780407291
923634999
834137410
736004670
935188900
126925159
468707402
434273259
992258512
219226324
184324321
720432051
44994342
806636560
696212862
173487770
777125474
60850500
979587899
654001684
177132884
824816078
254006604
433087065
179938873
263413905
623850099
389380791
625719628
160202673
380699571
130972372
433910409
566976214
859053614
756333671
346296481
845934430
266999118
172934065
745219574
919932593
610482334
191388265
624372861
416369077
759069164
883123616
152793985
384258411
534735684
4276022
444332555
209546753
870499446
278471980
555865872
101165070
722707776
630995737
852285661
104533613
127885617
734557479
436079710
919853119
626733189
373580202
564005605
245153131
574646150
316842146
977457232
777561590
827220219
342127651
731132283
42764331
669061429
49006230
831980215
900976198
216840688
235385207
304311627
227711438
381871101
47884845
669621577
642492849
694529366
809063729
242818848
565652471
711262385
528467603
117329548
33904265
549133353
915366130
597163354
846739158
778833759
381016036
913602241
536149739
241977968
591045232
588346825
372342448
127964615
611153816
513134218
562090069
254922696
766276598
172634349
684293223
935471926
246817210
47826928
619339886
121746196
656216911
151423308
227022449
862497416
659561190
139704524
285284757
359676934
378392049
573519740
971206372
415202142
498864412
964032080
227847701
759875808
126424788
972093815
478252645
273361052
305278131
337947871
263145889
593631874
883601327
337456693
190104731
610775539
680493712
689690763
500869474
722573725
82511406
564980531
789061411
328315025
670351524
554175201
875336118
681541749
59954519
665375867
347683816
707491702
30588275
890877674
51193286
230880063
760947776
431368325
960200804
37526180
111499306
402819333
720357993
595561616
415830705
833240246
490075048
141822296
405854148
708394984
155753243
690584390
177902743
408879847
310234457
854789031
680202253
629592155
243498243
372132448
377947565
610845140
407416708
290171683
344199246
890146369
899948162
299952848
310437107
894984813
740940527
750771569
875794864
841041609
823978372
896255875
873795846
105875519
26771775
255379342
687380211
16508101
551749685
24347759
73739022
75918117
337619658
291981670
166175159
963022231
23392551
171925423
11587241
753433961
997387669
23259711
522019817
456597881
807263697
207161663
845841524
154045529
322159792
72341718
861785247
469146892
997831484
566029213
950749307
896167469
435072112
744954195
254293301
888105363
781467665
903785259
193884367
487074120
183635465
276607300
420254872
140457209
772986632
695150862
226619535
294225758
482793077
52823046
118253288
656915666
69159187
654363531
654045069
705465884
891919389
888328352
284823017
802293159
355249043
141219065
430203568
231480469
330128064
744986177
251824427
64295243
314564823
335797577
837586495
467873617
51605385
368480039
28487762
610366750
829211118
486140756
766754118
482244653
785995270
578262225
183313979
530245944
387812793
206605949
921920685
999277660
992023847
228758244
78681884
976369016
546597511
376551680
405023530
149455539
826771027
110083812
758258059
469469959
127331517
675208729
394665366
905175261
863217188
40770206
578072146
140866893
52070751
636801617
707620842
956024334
450074406
80087774
761407747
767477547
716490884
618932406
481454565
381973881
847962150
308715048
611888144
644737815
449754692
649867004
88589213
110303919
631029105
661796568
934044885
352759641
970513728
30637210
260628500
194419292
111147800
758636960
459005252
399529638
807544975
4462187
49047992
930790613
135197287
568050256
525281615
700937400
19530930
378876247
526264455
973940452
577033293
522855187
743334039
956621793
837705806
798464396
397871337
189531486
347403083
987768332
106668177
474197692
572233016
978951734
429183050
402753937
291779124
174491253
226699968
151197464
796030878
518546449
523013849
596606665
681599304
86422631
47088723
993309089
604573522
806209901
307206313
377511091
451257901
105144352
899459020
518036088
970703231
996468799
479482887
220479190
922754802
583393941
768430873
280696393
350282649
728823570
746425602
560279627
635477441
693613554
385792048
943285945
645262456
347427207
772893890
885834197
694737654
373842683
800563869
391140761
163031104
629059952
714843459
470964304
961803231
428541358
525346020
377862788
771666209
909111741
633625951
956318928
124366491
803389272
63729137
529260805
964213914
799101421
536284861
59057793
960033228
734945762
690271298
270729731
873852081
360978766
463735718
214490143
247168675
231595537
633290031
322049810
596039880
823079293
970813013
904856146
840555366
595762065
626988630
219320320
391269361
881982300
640914026
623071192
824738893
541946846
339228083
573842833
21907926
606664093
30667385
797629626
1664663
718843885
719973497
620017168
17337094
925481962
730181526
633428999
144212947
910967886
777078915
382386195
385306466
224628367
997492943
104234110
640144159
623019077
984000986
816670485
727847197
587146126
232053420
767686688
590911690
102857278
117516963
914369773
475993635
537316326
269720630
158590643
884671231
501800139
596438494
401477560
700528414
273695402
359163803
276222202
405812716
212237226
688792811
927318989
537409350
832989172
986487410
497526092
815782687
338712136
738909804
371100857
731164167
406744311
750119251
275848551
108248751
713242489
172350264
768508064
829293847
701188710
950814283
165052772
360672744
626899653
73634341
494927124
64999789
567796067
750803618
791488635
728476059
949850580
930720361
950003628
885481584
720106753
274352112
104555519
206153817
816951432
367695863
658459932
624006913
958040678
915141975
391240485
325576140
67307325
821705024
833651525
455983876
125968959
998715833
490379447
390863047
567633711
829049938
276036305
86554932
655308757
985160664
190376157
686038110
854275454
825203724
627396681
540507858
830628743
321516666
595163705
717727684
217317095
69933729
474304570
86576630
669069218
27022625
728888743
273816671
348994162
511922273
177926203
148296191
420777898
109954094
877845694
770799686
76358094
515191631
223287376
277044304
709915040
940471643
694039704
311912370
858206639
595300639
392135182
157925763
30032089
138463316
296312694
226730466
308027931
507691016
791664147
196992996
84921195
809339325
400544654
823701688
948595039
218536242
988012109
378858535
673316721
996579254
182875397
977897712
731815638
45460834
61967045
631535822
238389604
734621352
593198362
355006798
339790001
784929219
801284884
529378790
19112904
178508711
331984553
49271361
493058746
110210439
479957125
898865778
875302919
185042760
367598189
959686265
644123709
12598059
415359323
413296993
701693200
187706602
120520525
774963096
524000886
235555325
213003080
304827015
632670223
724561996
153892048
156942060
374321787
550572478
103659681
987419592
154540827
983243415
26474682
375887789
724512619
492797175
632052670
335318261
289260985
814475907
983980500
117755098
655075285
101400116
37208782
204962875
671202721
186500058
136720297
712279375
256129947
81363417
332456043
446253084
61465012
813355316
949774039
847728185
336941471
223680855
124818336
933633027
948650905
535076060
531055856
614361019
662403365
122456105
950029357
550496544
778748551
418564570
378297336
409858127
132706987
668124589
237114108
899402979
576900115
86657429
173936130
41706162
95406477
515398241
457765580
203572778
452132686
188193132
42597677
797863748
816516576
587384778
15919846
60595837
135327265
675111202
267155641
748223868
305014843
307578505
428531152
58728412
994323754
64953688
197727607
356996024
676928132
407515039
139472713
217549033
896952166
584744100
616306323
443596330
589600715
94534705
132419855
348340980
53968581
279730915
488031562
175737204
13744171
354068543
976911325
681178717
173118870
27476620
406802381
201961553
988459479
482417319
608314181
672996500
879326084
311482836
658712829
318919566
372134981
525262707
718769900
628426170
530055401
129202361
344801352
699294243
536577543
443902854
361908178
994108501
185533807
351188181
284083146
928115801
47837559
938709974
820843706
982783040
645981998
124801456
720316022
439956509
65329626
913308995
887677249
150192295
163352471
279224845
83458944
508346674
967862397
173474551
418978311
960347463
5377317
674875687
469579935
946743834
233363762
697644589
806139106
603024655
573673915
229432364
342464868
886033173
73777059
288582013
822664827
286832646
501505209
590075371
221120327
451786174
450832771
212003478
115079286
980682853
340622450
673166777
498040702
450358442
382489368
334273542
492254738
793668082
591661592
840742125
24318040
225166042
736672707
198690489
278365936
24618037
913636358
255677952
591697610
435025016
489443084
423584047
691422847
423727977
722736946
552303755
112430399
296555140
151769957
750654216
92081629
224090492
694107415
712838106
112242017
309232348
719399123
127896774
296120905
278581622
387081554
898256731
797024683
351844435
705126402
949060065
70504511
302999144
988039523
848391843
955355472
47309655
496609170
695210387
754321878
686766191
808396335
421438174
640663811
669770511
825859829
520320419
397746760
780028463
823881995
919994117
337191817
267956069
795018278
794463998
778176878
931824955
748527044
953617103
360426796
829903359
439169274
725833351
247090958
982157831
149770823
701100135
502145890
191145300
550642751
22176266
380377249
825720371
748394784
458940933
797894521
742513112
156767106
390560426
240011520
467210304
537923029
265497853
594483704
546949805
148003451
473474503
900991221
661273154
718460654
800630367
322220751
69445109
760420294
638093931
626233223
175444138
557578003
354578869
505652969
880307694
65863546
642836937
390621489
22165759
656074550
943761229
645331128
960020911
442112451
191220506
140735437
213741587
391944142
456845214
954498266
560791168
890046054
537625345
472821072
686148921
808975597
644060936
473323868
958197691
823066343
797253204
787643347
166634923
659837494
67885389
758439978
467014471
801673259
201598247
653389925
870260662
580026659
846996292
346697851
254959057
319011478
840720453
466592675
487518379
989116519
807253883
474157428
182361482
146028183
578553116
653499991
145728870
105123221
374575659
83837739
136065301
831735835
109258495
827300855
916957983
25346977
901529864
465779638
357794669
936938464
591642412
704488373
237536318
924631477
253658790
58204694
950917981
781050829
941428274
779672881
794874128
175077951
456463062
843082493
745999742
996389574
23764064
522870097
941590843
339135628
652361705
991170033
60775781
328322681
922577119
232971457
692278123
821659576
209637402
342518415
379422307
616943592
489343958
19559904
151833515
686716437
530675624
394067121
389097466
368025844
84558190
845026373
857091874
36772071
94884498
577375361
178194181
372074576
140342301
205858286
987378435
556743413
883661886
64411669
167675599
344812297
29993848
400459799
765431896
903860673
804589684
470404732
288728723
633126519
675290980
752905345
500453553
935272156
288375530
981024708
994654838
269104489
5936494
526160350
152739709
538069755
663503093
486305265
42940455
898476961
195335613
554537377
122201702
394268864
305297878
375896833
88685812
138842693
359069563
533807152
664981007
129174204
87906394
255268243
444352208
158238921
206374194
467409045
715935407
88292099
101183130
75718961
767337008
731788824
833068887
430517833
830788406
651005236
873004990
699924775
563986916
959050676
708655058
488120534
892032986
251077060
605960857
785704394
866725008
287356936
782987482
744264878
898045268
134095429
529447335
771207554
343780345
369278996
713186742
482485839
7496927
517961559
650990655
201158974
80022721
115503326
91014598
401296274
146956836
150376829
316098690
150392737
535812003
272679818
683527451
157826960
31415169
441468916
619919282
799975116
24437295
428627813
628355483
754755059
461650266
288082055
387293493
576938989
70741117
487566217
640738427
181312998
361580753
56292429
936507798
917338477
207702689
161855307
959650180
546530548
234015508
200431831
563569196
636266035
961276337
628280578
761136062
905577033
411057912
38548945
644192051
660878832
422707572
662526767
25573130
760033340
541689623
733918355
94980280
184724144
577091487
848604071
542483726
612064247
197423439
530239171
606156232
386024933
536013423
622419162
158803593
415488378
639874230
465206660
685816427
26773692
246511834
505861197
706654189
861551741
362561845
62507680
930121300
898479777
863818222
988872596
925178695
355113061
420048866
374768622
462195868
196298011
992813329
505367424
813734566
125509872
147787066
191410922
190933245
330749542
970070844
990587705
523652542
88666519
604334516
333081486
