15
-999999634 999999633
-999951510 999999634
-999951509 -999999634
-999895803 999999634
-999895802 -999999634
0 0
999951378 999999634
999951379 -999999634
999955561 999999634
999955562 -999999634
999966342 999999634
999966343 -999999634
999976084 999999634
999976085 -999999634
999999635 -999999634



15
-112900 999999634
-108881 999999634
-108880 -999999634
-61898 999999634
-61897 -999999634
0 0
52388 999999634
52389 -999999634
78912 999999634
78913 -999999634
116872 999999634
116873 -999999634
192408 999999634
192409 -999999634
235009 999999634

17
-112900 999999634
-108881 999999634
-108880 -999999634
-61898 999999634
-61897 -999999634
0 0
52388 999999634
52389 -999999634
78912 999999634
78913 -999999634
116872 999999634
116873 -999999634
192408 999999634
192409 -999999634
235009 999999634
235010 -999999634
374443 999999634