223
-210 92
-208 -103
-205 153
-204 110
-203 165
-197 -147
-196 -70
-195 -93
-194 61
-193 -158
-192 54
-188 -108
-187 -14
-186 -128
-185 -86
-183 -157
-182 146
-178 183
-177 62
-170 135
-166 56
-162 63
-161 180
-160 -37
-159 210
-158 -140
-157 166
-156 12
-155 204
-152 30
-148 -147
-146 113
-141 6
-139 -174
-133 -200
-132 55
-131 169
-129 -194
-127 -78
-125 -40
-121 -82
-120 -61
-117 -32
-116 194
-114 79
-113 198
-112 102
-109 58
-107 34
-104 -41
-103 -86
-102 -171
-101 -125
-100 -43
-98 -31
-97 137
-96 139
-95 17
-93 -134
-85 -63
-84 199
-83 81
-82 -195
-79 -166
-77 -39
-75 -202
-74 -185
-73 -37
-72 -83
-70 -66
-69 -126
-68 22
-67 -22
-66 -20
-64 -187
-63 59
-60 -95
-58 -165
-56 -201
-55 162
-52 129
-50 -137
-49 -79
-46 166
-43 64
-41 -69
-40 -114
-38 162
-36 -53
-34 -63
-33 -14
-32 142
-31 -112
-27 85
-20 -186
-19 31
-18 186
-16 33
-15 122
-14 -146
-13 164
-11 138
-5 43
-4 12
-3 109
-2 -104
-1 -199
1 131
2 -60
4 -99
8 41
12 -54
13 -74
14 -174
17 -83
22 -37
26 -151
28 190
29 32
32 -102
33 209
34 155
37 -161
38 62
40 128
41 -98
42 36
43 144
44 -51
45 -21
46 -98
47 130
48 -113
49 187
50 -155
53 73
54 102
61 24
63 -82
65 18
66 111
67 -189
71 -52
72 -58
74 188
76 160
77 67
79 56
80 209
81 -21
83 -123
84 134
86 86
87 -45
88 -149
89 -121
90 60
92 180
94 -163
95 -113
96 172
97 97
98 111
99 -140
101 -114
103 -125
105 -63
106 209
107 22
109 173
111 -62
113 -79
114 -191
115 40
116 37
120 119
121 36
125 -137
127 5
130 -197
138 -78
139 -146
140 -42
142 110
143 -201
145 163
146 -112
147 9
148 93
157 33
159 -34
162 136
163 25
164 123
165 1
166 -206
167 178
168 181
170 177
171 67
175 154
176 147
177 123
179 -25
180 19
181 156
186 159
187 -80
188 -95
189 204
190 43
191 115
192 128
194 -18
195 -189
196 -132
197 33
198 -26
200 3
203 83
204 -83
207 -181
208 -126
