1002
-100179 -21171
-99945 41039
-99874 55638
-99733 71524
-99523 67610
-99143 -35927
-98730 27793
-98540 85922
-98521 35885
-98492 44007
-98361 49124
-97803 -94904
-97591 -83195
-97569 11766
-97151 -13511
-97073 -89473
-96949 -24584
-96945 88291
-96487 11795
-96406 14793
-96393 -74765
-96348 -65018
-96287 -6427
-95623 -64351
-95517 -14446
-95499 56910
-95399 -6348
-94965 68030
-94728 -86448
-94635 -87939
-93952 -25600
-93812 73852
-93563 3478
-92973 -80308
-92961 -32153
-92896 -3065
-92559 91363
-92486 -99240
-92469 54869
-92370 -46624
-92247 -58712
-92081 -10220
-92027 -73827
-92019 -43050
-91907 -45247
-91640 50012
-91497 19720
-90660 3808
-90649 -41305
-90581 -1480
-90502 17832
-90430 -80235
-90295 -98831
-89986 -63038
-89879 -35480
-89872 26192
-89722 -60597
-89600 38299
-89579 69699
-89496 10236
-89117 -55893
-88869 82191
-88529 -69270
-88077 -77386
-88053 79130
-87850 2148
-87820 14323
-87648 -27972
-87457 48605
-86858 14309
-86740 93019
-86256 47452
-86145 2109
-86097 29470
-86022 -29044
-85947 -1407
-85882 -48972
-85833 4938
-85788 33849
-85784 27335
-85750 -66398
-85404 42894
-85183 52008
-85172 20805
-85074 98081
-84775 82942
-84674 -95924
-84512 3357
-84403 -55154
-84338 44037
-84140 -12977
-83792 -82374
-83728 -30636
-83510 -20572
-83263 -53038
-82660 77808
-82642 -25111
-82286 85432
-82153 -88026
-81430 54707
-81407 -25365
-81257 -57682
-81181 84441
-81073 30333
-80879 42077
-80762 -17742
-80698 6418
-80664 -1562
-80258 -59533
-80252 96252
-80228 -84321
-80072 -71301
-79917 368
-79777 32315
-79646 54237
-79640 -81254
-79387 -91982
-78706 -56710
-78584 11721
-78575 -40754
-78049 -27608
-77788 -35017
-77345 -61231
-76903 -17100
-76850 84647
-76787 -47005
-76633 45563
-76613 -79150
-76440 16677
-76120 -62829
-75829 -89168
-75584 -42127
-75565 -62143
-75505 -88545
-75153 24084
-74604 13845
-74522 6179
-74199 -54345
-73553 -2798
-73215 -66655
-73122 -33235
-72909 -43765
-72350 64661
-72220 75378
-72065 82318
-71727 -88005
-71485 13121
-71459 98706
-71356 8676
-71292 21613
-71227 47503
-71203 -44878
-71104 326
-70965 -73249
-70908 -25895
-70905 -8710
-70127 6080
-69911 37898
-69902 54009
-69462 -88981
-69163 19202
-69062 83616
-68828 19943
-68700 55768
-68650 63719
-68213 45637
-68173 71861
-68104 64075
-67734 -78251
-67569 -95058
-67565 -87294
-67165 52390
-67012 24816
-66936 41731
-66515 466
-66123 46969
-66105 38868
-65993 -47847
-65755 25326
-65404 74373
-65342 78560
-64784 55712
-64275 -72432
-64236 46799
-64215 51030
-64086 -42455
-63674 86671
-63454 75761
-63409 -53756
-63348 60485
-63119 17144
-62417 22726
-62325 -32657
-62189 57093
-62090 -38062
-62078 68395
-61873 85078
-61672 -95984
-61585 49279
-61308 -81771
-61221 -21516
-61068 -49585
-61034 -59383
-60524 32761
-60230 10173
-60225 79485
-60210 -26088
-60192 -70094
-59926 -65810
-59875 57950
-59869 35654
-59788 43897
-59649 16160
-59606 -96535
-59351 5361
-59229 65576
-59173 70053
-58986 -33255
-58908 25560
-57996 -42821
-57719 -52282
-57668 -71640
-57280 10124
-57028 -25558
-56803 -69486
-56593 -6061
-56542 75109
-56469 -63386
-56206 5555
-55846 -36233
-55660 43841
-55592 -63907
-55553 9326
-55464 7060
-54684 31450
-54446 34923
-53352 59614
-52837 35723
-52756 -74795
-52493 -72178
-52440 -30126
-52290 -17344
-51935 72868
-51777 62172
-51740 87488
-51663 53236
-51531 51808
-51278 68
-50867 -11146
-50711 46138
-50590 51969
-50329 -26424
-49073 72464
-49012 2798
-49007 87070
-48909 -96455
-48799 60115
-48485 -57289
-48283 -49856
-48136 -78026
-48064 4378
-48030 -26751
-47907 28712
-47862 -72446
-47264 -59882
-47212 -47037
-47136 -13328
-47017 92192
-46793 -18079
-46266 -83126
-46072 -15529
-45984 -25851
-45902 -27421
-45797 14729
-45759 64681
-45682 -3361
-45099 21942
-44952 48357
-44829 29494
-44678 -82091
-44598 8324
-44341 -98303
-44331 -45772
-44294 30589
-44281 11457
-43625 -24600
-43611 -82130
-43218 -69744
-43140 -56739
-42984 -17998
-42611 51938
-42575 39507
-42500 -79460
-42452 59588
-41869 -76161
-41684 22598
-41470 20905
-41346 -88520
-41205 85101
-39832 -40812
-39785 -10081
-39770 -88680
-39614 -33119
-39174 60256
-38994 -84812
-38632 -50456
-38344 -25997
-38184 -66488
-38129 -53358
-37999 50011
-37705 83412
-37570 96607
-37528 1735
-37347 14255
-37327 -57168
-36663 -2353
-35760 4750
-34979 17348
-34679 30187
-34143 -91835
-34024 -89827
-32874 92006
-32817 -57618
-32418 -4167
-32256 85365
-32218 57596
-31953 47757
-31939 -44334
-31717 55197
-31692 86777
-31187 4255
-31093 82304
-30862 -56449
-30856 2452
-30710 -57424
-30552 -86511
-30288 -91548
-30001 -87847
-29997 29266
-29858 87345
-29853 69683
-29705 -84363
-29629 32576
-29605 86498
-29367 57782
-28978 18928
-28751 47903
-28671 13713
-28535 5851
-28252 -37282
-28099 -26700
-27990 59923
-27978 51975
-27789 40374
-27678 -94122
-27500 89924
-27313 -54667
-27025 58180
-26928 35781
-26821 13967
-26817 -63841
-26798 49225
-26741 46005
-26709 68524
-26662 99096
-26616 -51586
-26262 89582
-25808 -7026
-25231 75057
-24871 -82077
-24632 -73338
-24514 22630
-24159 46912
-23712 34383
-23002 -64754
-22730 -7789
-22686 -69350
-22685 23093
-22547 -91991
-22485 -1090
-22196 -51547
-22180 57717
-22115 71806
-22106 -17170
-22030 41069
-21934 18349
-21868 -41135
-21843 54361
-21703 -59441
-21645 -87635
-21362 -528
-21217 72482
-21108 -69230
-20527 -94473
-20442 17929
-20368 7320
-19785 -16658
-19778 2137
-19745 66719
-19338 10331
-18657 -21232
-18645 -91753
-18536 -83606
-18518 30226
-18440 -59190
-18207 17614
-18042 -57115
-17877 -89798
-17786 -48583
-17685 46691
-17622 -49715
-17262 37308
-17127 63199
-17094 56049
-16626 40333
-16504 95801
-16454 84916
-16316 62171
-15811 -18086
-15730 -33607
-15688 24285
-15648 51636
-15496 92247
-15448 87976
-15248 -58925
-15181 -39023
-14588 9434
-14559 -59628
-14438 70716
-14375 -43247
-14360 -97854
-13878 -82377
-13405 36184
-13292 80497
-13040 -8321
-12980 -4313
-12833 88175
-12775 98028
-12749 12663
-12676 -90320
-12566 -17953
-12484 -30443
-12455 28433
-12387 -37714
-12085 -36098
-12047 87802
-11713 9677
-11705 6248
-11392 -95179
-10711 -26354
-10453 -84737
-10178 -97240
-9880 33078
-9819 77920
-9706 -82663
-9446 10571
-8778 -11985
-8464 -10454
-8378 44842
-8338 -55599
-7894 75919
-7738 -88303
-7471 -22997
-7240 72459
-7044 16957
-6851 37070
-6487 -19541
-6054 -11015
-5731 43274
-5705 -59458
-5298 49236
-5243 14392
-5006 -7047
-4984 60183
-4927 29862
-4918 31395
-4659 976
-4233 -49326
-4198 71014
-3950 -1198
-3904 -40353
-3873 44397
-3780 -20571
-3283 -3753
-3121 -60697
-3020 63871
-2415 -64479
-2165 39940
-1716 -12579
-1616 87721
-1258 67744
-1219 -98833
-1190 23645
-1158 -47281
-1065 -92626
-951 -80480
-936 87544
-701 -15438
-492 -22171
-319 -44913
-173 62539
-35 -54122
-26 576
60 16565
542 52243
589 -51103
1321 -97249
1860 80847
1939 -1216
2046 21045
2057 86848
2368 -90852
2410 35584
2768 63442
3291 17346
3343 -14534
3555 63834
3703 83733
4273 -58451
4438 79337
4537 -73999
4860 38470
5042 26489
5279 88848
5305 -49771
5342 -3895
5564 33597
6158 -35954
6340 51929
6472 3027
6542 -16780
6667 16100
7039 -14570
7074 42904
7396 -89400
7524 48896
7613 16797
7690 -89445
7746 -52378
7877 46498
8126 42351
8588 -98428
8788 43176
8874 71303
8964 -42763
9218 49313
9287 99904
9348 3652
9439 -35446
9716 -83785
9792 66424
10140 -5763
10335 -37494
10351 -10962
10649 -48019
10869 -51129
10873 -10021
11045 87282
11284 96205
11306 -13285
11467 -29352
11520 60478
11521 95200
11811 28840
11973 -68343
12257 15121
12455 -62331
12598 56367
12901 2722
12931 24476
13114 -5682
13567 -40709
13591 18322
13680 -55826
13916 60243
14110 -89023
14178 81723
14575 -55579
14629 48186
14652 -14904
14876 -92726
14889 -77258
14949 -6391
15389 29154
15478 47883
15599 42747
15629 -37344
16048 -21845
16069 -29142
16224 -94366
16351 40279
16392 99426
16456 80557
16502 84616
16547 6352
16596 -85908
16839 12505
17635 -7911
18329 32014
18700 -33969
18717 -86943
19031 -69269
19174 67672
19822 -73655
20081 75383
20201 -5835
20585 -81805
20719 2569
21259 38256
21299 39380
21307 -70031
21316 16825
21355 39850
21534 13
21805 -94793
22378 26537
22380 -7289
23368 36301
23973 75082
24043 16365
24141 -38932
24354 -9684
24597 -49131
24805 -13753
24995 -39182
25020 -92366
25151 -65819
25686 90839
26446 91201
26890 75405
27069 56950
27122 74824
27490 -1481
27534 99917
27763 -50832
27800 -77598
28190 -84725
28325 -63837
28543 50831
29271 98809
29456 -90249
29475 -70355
29634 -11005
29662 -81093
29748 42326
30267 75875
30346 93845
30619 -73010
31027 -37276
31171 -63146
31269 -43341
31702 -31684
31752 33863
31772 -34457
31785 83778
31847 62153
31873 -8280
32205 -41147
32269 -21269
32568 36813
32683 -73950
32853 -22725
34023 41483
34492 -65903
34633 -78832
34740 3413
34994 -94098
35020 37899
35278 -87245
35314 -57508
35489 -2509
35626 -85087
36326 -25203
36518 -81803
37043 43438
37525 63927
37538 61455
37878 -42947
38207 56815
38263 24527
38404 -70826
38485 -19620
38540 51969
38543 -51990
38715 75329
38770 -35229
39419 74935
40231 1587
40440 24005
40664 83304
40853 -13759
40884 5534
41067 74031
41217 -44336
41662 -87631
41799 -33147
42252 34820
42368 63909
42412 -67085
42670 78942
42918 70828
43016 25382
43239 -55752
43270 -49695
43286 -37874
43533 -60498
43631 82603
43770 -94593
43858 -64309
44019 80861
44028 73266
44251 5271
44253 -47179
44363 59964
44752 -82622
44797 6373
45692 43836
45698 20494
45752 -74001
45964 -52113
46584 96237
46723 67149
46842 13132
46876 48698
46962 -76595
47042 -59540
47382 -95021
47471 -2492
47496 30410
47731 -75251
47880 45846
48275 -10050
48313 59080
48321 -32589
48416 69323
48615 79356
48668 -43162
48856 79689
48955 50525
49193 -31092
49355 -29354
49515 -52454
49619 94327
49759 58355
49775 61208
49965 23603
50015 34061
50281 -55656
50425 -36065
50735 -21356
50809 69587
51035 -63258
51069 -6800
51158 -76995
51209 40110
51554 -28340
51571 60299
51594 59860
51932 -16207
51997 -34595
52075 -78014
52092 77747
52251 -56136
52322 -91624
52389 -22142
52454 27691
52677 -67221
52946 -2879
53030 -40382
53065 60671
53123 -23553
53640 60115
53746 -48268
54140 -3820
54189 83363
54470 -13877
54516 4815
54585 -91902
54728 -43110
54787 -39293
54884 74338
55814 62115
56622 -35660
56720 1012
56786 15357
56794 57073
56890 82772
57660 80270
58485 -78737
58509 53529
58511 91887
58646 33689
59427 -73759
60000 -4587
60454 -58377
60465 21301
60567 62802
60809 72687
60846 4438
60964 -8939
61295 80600
61311 -43650
62581 -75775
62632 -19630
62681 96343
62797 70290
63030 -1042
63200 -46328
63228 35943
63236 80634
63309 42159
63321 64733
63464 26713
63625 -65880
63674 53966
64282 91081
64583 82315
64908 -69821
65046 57453
65965 -50044
66034 32564
66227 38281
66283 -54110
66587 -85564
67179 83608
67198 -83659
67520 30621
67665 49143
67778 24055
68097 -37833
68118 -94072
68235 31983
68590 -18491
68648 91853
68941 32997
69103 -51006
69130 -15958
69410 14737
69426 80665
69516 -42620
69565 -41692
69843 12768
69991 -46165
70308 27175
70681 58286
70697 -99870
70757 97617
71002 15380
71454 -77779
71568 57985
71570 -80506
71579 -29815
71793 59783
71831 84865
71899 37340
71911 -59083
71926 -26743
72021 -42615
72170 -19713
72199 -17808
72420 42220
72630 63676
72680 -76271
73193 88335
73258 67792
73280 4764
73559 -46654
73703 75534
73927 49339
74030 61874
74108 51185
74150 -66743
74960 24821
75070 -16999
75183 -979
75252 -22282
75515 -63187
75707 -67601
75845 -66934
75893 -67684
76422 -35051
76507 72618
76808 91293
76844 83634
76889 -25422
77017 -40612
77233 -81562
77502 625
77747 54772
77963 -86469
78848 84325
78924 -62282
78929 42375
78948 -5241
79170 -47576
79354 -55415
79434 -95350
79532 64157
79665 -26060
79724 12600
79739 81979
80626 -23069
80942 29714
81052 74372
81442 -36805
81506 -43298
81514 42732
81555 42542
81578 -44951
81631 -92594
81758 -64870
81789 70249
81958 69718
82083 9837
82446 -8864
82747 95446
82879 -3827
82900 50950
82951 -99600
83031 85102
83051 -58768
83146 -10032
83263 -12329
83312 76734
83377 -12072
83766 -69524
83786 -577
84211 -20861
84918 -81181
84936 41497
85273 34537
85318 -32446
85561 73306
85689 -33942
85810 30914
86042 -17330
86125 55558
86581 8105
87072 85847
87119 -93426
87380 -91445
87501 74834
88416 -63638
88425 94380
88529 -5686
88542 -46271
88691 95289
88811 -4520
88822 -53402
88902 -60866
89040 16510
89731 -52716
89821 -88533
89945 -24685
90012 -23221
90069 92932
90329 68591
91226 -58538
92179 39767
92418 34573
92564 -79018
92611 45489
92772 55386
92825 32942
93000 91530
93473 47610
93523 -37619
93623 18080
93689 21756
93932 -74002
94024 -59831
94189 -18382
94860 -30787
94916 94472
95289 28867
95328 21843
95388 78008
95682 -40870
95862 -63705
96030 79958
96620 82660
96728 -99906
96929 -89530
96962 -22414
97005 62838
97069 36713
97229 -45528
97283 54612
97957 -4463
98099 -35197
98186 -63038
98529 25571
98739 32579
99252 27224
99316 3837
99335 -19304
99546 -77264
99623 7844
99636 -14030
99844 68758
99864 15349
100152 -54038
