102
-51 28
-50 -43
-49 10
-48 1
-47 35
-46 48
-45 -13
-44 -31
-43 47
-42 -33
-41 -4
-40 2
-39 -19
-38 30
-37 9
-36 7
-35 6
-34 0
-32 -10
-31 -20
-30 -49
-29 25
-28 -20
-27 -44
-26 39
-25 0
-24 47
-23 21
-22 44
-21 29
-20 10
-19 12
-18 -18
-17 -15
-16 22
-15 48
-14 16
-13 9
-12 -5
-11 -9
-10 -39
-9 1
-8 37
-7 37
-6 9
-5 -28
-4 -46
-3 1
-2 29
-1 -20
0 -12
1 -19
2 -5
3 -15
4 12
5 29
6 36
7 43
8 42
9 41
10 -32
11 -29
12 -15
13 15
14 -28
15 28
16 -36
17 6
18 11
19 15
20 18
21 0
22 51
23 -51
24 45
25 33
26 -27
27 -27
28 4
29 46
30 -42
31 -41
32 -13
33 38
34 -16
35 -5
36 -37
37 -15
38 40
39 -31
40 -19
41 48
42 23
43 -27
44 38
45 -3
46 -22
47 7
48 -18
49 -39
50 47
51 -18
