100
-51 -12
-50 -40
-48 -44
-47 39
-46 -24
-45 -45
-44 28
-43 -50
-42 13
-41 23
-40 -25
-39 42
-38 19
-37 26
-36 -17
-35 46
-34 -24
-33 35
-32 47
-31 27
-30 -10
-29 -17
-28 -46
-27 31
-26 -31
-25 -48
-24 20
-23 31
-22 -16
-21 -21
-20 -23
-19 -29
-18 11
-17 51
-16 9
-15 -43
-14 -44
-12 -41
-11 10
-10 27
-9 -30
-8 -37
-7 5
-6 -3
-5 21
-4 -29
-3 26
-2 -48
-1 -27
0 -16
1 35
2 -8
3 10
4 -32
5 6
6 3
7 43
9 -32
10 20
11 -51
12 2
13 -17
14 25
15 41
16 4
17 -39
18 17
19 25
20 5
21 -39
22 -25
23 -34
24 28
25 -14
26 -46
27 12
28 6
29 -14
30 -11
31 44
32 -25
33 1
34 -10
35 3
36 -25
37 5
38 48
39 -39
40 39
41 -7
42 30
43 32
44 -37
45 -44
46 1
47 -37
48 -18
49 27
50 -43
51 -14
